269335
190939
7394
211531
46077
185076
213130
283600
13078
284424
219045
13720
299803
172819
270249
213249
118464
180536
284038
46044
61508
51164
195809
277349
19683
189299
259118
279999
268032
28884
198699
174394
51527
274971
124429
247897
124313
34403
160840
73996
188546
242120
279108
211557
94122
226775
255107
139561
767
34459
110218
51473
247695
78417
190814
234442
33160
121265
226771
273937
99097
78492
157500
44756
40149
34556
19204
55557
158996
170239
177052
227018
62240
134757
122100
189291
96412
240173
33591
248259
124399
220321
196421
193731
224963
216629
236617
201622
42183
242928
190865
254632
121336
21756
238875
12450
23223
225036
193597
20434
183772
236629
262256
105921
230968
13112
293630
42371
268254
16694
135935
206697
490
47634
100487
225046
296675
224554
98629
15573
183719
170098
281434
13892
85041
275752
25777
108879
215981
246222
164024
239526
248155
26719
5093
286892
275804
225651
180501
9504
298266
286885
239382
268253
13627
45699
119964
205606
42753
93431
193580
85434
12789
188982
199267
286784
112168
168424
257366
137179
30330
129049
224943
177015
64638
236614
296592
187260
56887
267019
290439
178203
853
289662
64028
103527
257528
11868
45250
180743
151830
263731
110627
74885
239374
247882
121697
13037
244648
121722
266220
298204
274965
120115
47260
200879
120669
236607
59316
119348
89940
268287
276027
29005
89582
196542
13085
291369
284903
207178
35156
104667
13443
295890
183779
292370
236619
96241
128910
196545
19072
216771
199963
15135
204301
20444
205115
14343
66860
287332
104241
219431
169158
286718
200180
227006
243338
147407
99113
15078
190826
207969
248602
165573
76186
91361
130048
220652
112755
224307
213679
299307
195229
295179
248653
99088
45273
225170
13382
67753
110455
14816
27327
219751
261889
86982
57178
207250
283749
213567
286882
260530
195882
297564
284921
234596
183794
24732
297441
4342
260304
220348
14260
117130
286703
22895
34067
189425
247930
297448
246384
287600
177078
170074
216924
89074
238448
13784
136072
99137
226753
172478
239115
248550
224482
227019
296116
253191
285698
248593
278766
225387
82736
46085
96447
260027
195630
140589
190723
85353
187542
177984
274947
181975
237898
229956
200066
106116
35122
248629
64672
134191
205613
124142
131753
192596
260335
277147
19659
136379
24757
47147
131742
234995
168440
41871
64473
213612
13406
264803
14728
145147
14773
129367
42919
13894
277133
83487
12661
224524
264911
33821
116187
207158
34732
109345
88367
137011
127544
266262
233072
149912
35203
13396
85439
124280
13493
19613
277459
188782
220131
224489
202990
108904
248136
30108
224910
35527
121622
81587
79788
99084
16205
96399
242033
170308
246233
12629
33038
60404
260297
98261
140598
166107
281013
26203
219891
13632
64990
113918
133989
144301
191394
20217
91409
239392
35430
16212
293626
162162
8039
12278
13800
20717
25676
18928
225145
52897
247730
259
262426
95885
183730
124397
224625
248090
21366
297960
117811
224268
177057
272055
14812
233860
22897
99145
283679
12256
122448
240737
228930
27848
112120
14492
59328
55470
185668
225361
148255
261881
13336
12764
248274
213586
221474
22861
174501
8828
216622
94293
242750
19967
36102
85347
213605
46952
188983
284382
183709
192687
101814
119977
202153
270602
131201
189960
268158
174388
7374
51519
24739
193358
291161
121375
247597
226762
182600
14554
131066
710
281091
109489
228566
215145
15350
247718
228910
99159
200136
34420
260325
250619
261904
109300
177983
148374
226770
273447
19925
208305
160808
8854
50853
1247
204748
47756
149888
168422
53849
117288
163774
106900
59311
67608
121826
124298
124346
40435
55126
205614
75029
281003
14787
295934
225565
170023
286786
12579
232613
224362
12279
160823
225675
105322
296874
160825
272408
145916
195234
94490
178557
277258
13210
200140
162128
14166
296873
261906
270230
47191
47635
143668
297480
20986
139848
277267
177589
20673
50552
247858
74916
275818
82193
158830
221471
90959
116067
226877
203835
236412
116947
239530
277305
33193
10047
252751
234928
46985
224708
120135
233067
199998
99171
104962
153777
236462
142580
108154
14113
124288
246315
225378
123819
286616
174346
188131
281516
34919
52265
703
250424
12668
223310
182356
255940
108485
296576
12923
10104
281268
234996
295244
25743
190457
13555
224517
256252
285716
293750
94911
47194
21310
35369
281441
8856
248065
55105
13344
170115
33164
99030
14760
64831
298243
228705
288958
13542
8853
77591
99068
220809
108486
281024
10301
100168
74959
276369
259539
177148
160563
272366
107848
225038
88875
58256
266208
225483
157129
204386
185087
294314
224977
51155
236473
12716
281347
11914
281408
47766
19396
231572
12753
76190
27807
46828
287898
220894
12976
96432
14457
171866
120712
161472
248439
43492
98982
289091
73244
34255
232972
266637
100596
78152
283760
297563
57153
42129
78424
35521
103658
143709
256216
248389
203949
170277
76164
145903
155375
297577
74878
14868
180698
224557
299500
129119
17480
127425
292789
181479
34482
138429
12628
31610
80590
76803
169214
151959
83578
64978
34520
180507
158843
104343
244703
71764
297014
224389
33556
126208
254627
190739
189308
197399
77813
280976
134797
25726
275751
177018
185109
139544
129050
170328
104034
121630
48592
229007
21410
274980
1940
206981
183674
15225
255177
239202
203819
104743
224494
247686
191370
298426
197323
13722
24796
212907
12799
225160
74980
21407
220854
124390
255981
193732
13589
124405
294356
281098
286824
94295
106113
25864
203323
24745
51140
51478
13759
120056
64719
224374
24700
160685
275796
183690
113932
34693
239079
278767
274995
236398
265114
187544
123737
212725
286781
61488
216921
291589
178546
172649
15476
268248
30249
47891
118466
296617
277249
133987
208090
281429
14591
74157
224870
170149
102544
13868
183252
249939
137992
231845
254439
16516
34421
192691
203133
297586
96413
272888
120143
150669
299274
89086
224901
231703
12564
151836
14101
220221
77829
35356
247678
104008
21068
47363
123832
225684
157508
64467
150740
174409
193148
159437
181823
219997
213830
247896
86148
275153
94489
139846
26436
292340
33168
16161
296118
297584
13968
25745
241637
57354
192612
224290
19681
193143
51536
151556
224588
99227
242042
14666
35047
20442
188810
250064
56650
288992
191230
20005
278195
24759
231665
33185
237900
293173
18947
15102
228569
80580
55451
224955
183773
95791
1022
193455
13987
260280
112046
103633
35084
131740
239196
189967
45159
193744
177083
145909
47998
104473
105296
224420
83574
172643
65176
82680
286788
213553
188003
244692
183689
285940
255574
228809
226878
201163
150737
294758
14805
188898
102884
224680
239495
199961
125363
250351
229255
12471
103632
20675
131626
289597
170184
159859
21199
220322
185074
127533
228979
248641
27221
75879
160546
228990
268344
221704
211313
225113
64714
264768
30339
34590
229240
65656
170304
30082
113186
229425
91625
133247
134115
34626
162115
284929
202994
205646
286647
14536
174392
188544
225015
294660
289103
250544
226768
13786
285942
238862
122203
124384
14810
77675
145879
135138
227012
216974
12922
191325
15892
181570
28877
31541
193655
248001
52497
188128
220454
78346
74949
29
207922
107513
170273
224903
56928
226876
101487
94484
14604
264761
234994
260319
82224
95025
20429
18296
225680
18346
247575
67610
48594
124401
116927
247892
24727
34441
167302
11435
116596
247595
239184
31609
90867
117812
255126
29514
51522
277504
14182
245976
248911
169215
224808
172666
248025
291078
99230
139550
253721
278161
246202
248030
136219
279571
75589
291587
14134
13940
47308
172412
80413
165200
72602
139110
174393
225334
85330
28233
189638
212908
203802
78335
24799
10108
178543
160562
260375
102279
247627
137867
190968
225007
47825
294759
28643
120305
112119
86263
229961
117138
160688
23348
36318
261885
251180
30095
121820
964
173943
99134
135752
142677
12757
47638
287571
278155
61338
102597
224597
155659
223840
77068
193692
231440
229258
299327
77635
273685
46081
66343
44452
170142
34637
106829
31563
12864
88855
224832
83294
131108
145083
153766
17477
216952
95581
185632
162639
57169
248592
219756
220005
291266
119680
27209
12927
42398
158990
291242
34537
221981
82938
266264
96505
20967
46796
15176
276466
224728
74884
25645
40436
193099
276467
247640
75050
277301
34612
295149
236458
104102
247577
298742
185080
243993
119537
34631
34698
216939
256369
221544
202981
91496
118173
26060
209494
180530
143784
116798
35164
117803
55466
297167
61509
127543
116529
193461
297188
168453
96540
254996
138392
290011
193587
265147
46984
14371
168432
4293
217066
297210
56970
225878
35104
190698
246656
51472
82218
188780
186222
183736
83460
109343
224860
4339
148380
160857
65857
105320
99130
139532
224269
283667
13758
297601
208023
168751
47192
124276
128909
255950
286729
231678
69227
259122
129728
12800
248608
294731
125729
65321
14241
286979
227020
180746
220230
193352
20718
286713
99128
81729
27050
85453
297467
12869
192746
131109
207179
205195
197398
224649
12980
12766
291598
13728
248180
94486
46536
279419
293050
74917
227025
297442
247726
286746
14464
201677
170290
257642
152506
17475
35596
72748
5593
239566
2122
22854
281350
35448
190742
224751
225051
30080
268274
124327
90936
170330
260316
283665
82366
225146
174497
14269
298471
168425
112202
47224
205615
155673
108612
148253
47034
21070
225697
47296
80574
250562
299486
299271
134725
247842
111999
248779
172041
204721
86269
118392
255865
14261
286952
35186
1129
56839
155595
106239
224301
239277
74924
90059
46793
255113
277162
120836
120047
63285
98280
248117
97948
130850
82664
34460
234412
62932
12588
279307
47637
297184
266225
81579
250509
21067
103859
49175
248215
75000
224655
34472
74904
298476
19397
224693
247993
174410
165721
260366
224624
120098
111763
224441
19760
117785
252737
82382
91615
220633
24425
69387
211550
12978
56897
133997
192686
693
214791
201725
239509
25725
35347
11918
177611
24800
9591
106271
286842
89082
100341
264766
114420
16219
164169
89620
8862
187569
120549
124356
34253
4310
224970
196594
47752
26473
234151
270471
280971
268975
77693
180601
216963
10052
34918
4341
255528
204178
18505
246041
146374
94140
213645
239528
117396
25767
90938
31944
112790
56907
234591
104075
145237
233857
82194
291174
277254
188556
99022
280395
13766
110626
297504
294740
53971
174374
51480
109195
217071
177106
104301
285629
27324
76486
69602
24722
224683
117780
51483
248115
228572
13732
176867
265408
145940
162855
12044
220503
260309
11882
188868
242757
256860
182037
284232
35183
239240
168431
18904
213155
147109
116957
13511
186183
12637
13767
233853
113927
246112
12260
121675
77761
94418
15076
274935
21186
209049
193750
14589
151957
13853
65714
190730
56572
145911
268212
83334
220383
297529
266642
102029
77448
189276
254598
248194
231906
234929
43543
213018
226882
266666
255979
64592
85355
191234
107736
168802
252746
119059
189280
286835
158989
180744
202947
266248
215932
231785
211530
277144
216332
78693
224892
24718
56852
47270
297546
250430
19901
287333
224917
113917
22766
228785
64520
14907
106590
139842
112773
220872
234561
289670
18931
101439
14582
295224
162847
20237
183716
188636
46533
169358
153157
82184
164170
180653
224459
14665
30296
99058
150391
114866
90041
121515
269534
14242
170148
50640
60525
285
40269
277142
50558
124349
297500
297531
45263
277247
220580
76257
11906
225054
96473
112768
58702
34066
149537
219883
248568
134960
182925
39587
13884
295180
185962
227015
225472
148268
268328
38191
249204
225056
24721
170153
283399
219943
14516
125151
58191
85293
249283
266183
286754
131258
89752
216613
162078
12591
64501
12550
204705
102548
172663
236273
185963
170307
133790
24360
281184
34380
224782
160558
97374
117810
203840
30151
247690
172262
248002
284701
148384
81593
224511
91038
170295
21076
177020
67636
227023
35214
151982
15762
145912
264866
100447
122433
279533
47545
28753
135324
66859
709
266161
254622
297278
225120
67702
203764
190520
193351
90950
34941
201165
14804
55471
182592
198981
248070
47221
17947
24733
228531
250357
136929
224427
20168
51505
7824
57195
46088
160855
35335
238855
15326
19973
37886
46073
121358
281349
66858
281208
185663
108905
225117
224962
12109
114810
99026
82803
281189
133906
281157
120084
277494
224690
219933
225548
119539
298239
172801
101992
108896
164018
295129
5831
24731
13114
28082
97955
113913
51489
99146
181798
228693
281124
250552
2995
13775
177023
10942
195628
34924
288998
76154
120095
275783
63229
286938
48121
260305
35516
13548
224515
85395
163702
10116
212909
60660
145942
76943
91396
261902
15890
124344
286856
178552
207627
224500
20914
77674
234558
256375
120185
216969
227137
99096
170244
220858
213610
74936
140785
137866
157506
46534
236311
213242
21460
266653
112477
248906
182312
286983
182325
281336
148523
214886
46068
224979
134186
162030
207182
139555
68671
14715
55113
68386
224438
96645
216926
802
264143
270367
45256
47259
296120
10046
188502
241848
273773
200109
216967
51514
190701
76167
155660
168441
216328
104957
13610
168413
204263
207984
101493
117136
46083
296113
298320
287312
224488
183681
260376
226759
97784
207886
239641
236628
73751
174389
14250
51133
21409
204016
235464
297404
224993
34055
224334
249937
216934
56780
162151
200072
91771
295853
229003
224614
42966
221071
75624
180542
248014
123820
296578
225673
233168
76248
174391
183735
112779
276335
34260
151260
123734
162521
168436
186218
191222
164217
15134
224923
15395
124378
62797
36171
38664
89797
101450
77600
55432
190599
109503
40033
88555
21004
20438
11938
226962
256118
21061
124389
264769
191059
20255
284507
137163
156521
248000
178567
13668
75021
239129
248552
71790
27390
224620
266683
245993
183740
121008
226899
248132
180550
202963
224398
200006
103100
80592
15570
13965
255873
28433
64810
275805
168957
197336
35194
190754
190753
152136
233021
172557
229267
190813
127424
183747
131138
73821
268221
225482
12540
292309
73430
212310
180547
224465
247967
225142
281462
121195
224627
244670
285900
141171
52135
290311
24450
199992
69464
96419
108901
103525
14369
59340
142584
291154
49171
296125
225385
211536
103289
47928
199974
204617
233074
203884
82928
41572
35092
103872
82560
139629
183797
216942
33169
131650
203772
51517
102600
165091
139570
25723
120333
181822
145235
295619
99801
225128
32465
121723
20045
65855
20170
234824
160858
246655
242751
116305
228997
40314
132038
296949
139560
21461
121011
215974
114880
231790
128813
99173
247922
193490
42383
165722
27323
193651
250381
4402
43550
94491
180557
35113
17664
259457
264792
268855
246054
104955
248654
99063
168414
94450
225560
133895
121255
42382
89643
16645
48278
77718
14539
21367
220810
111287
4186
160845
290760
270430
79961
14617
13363
5341
193693
121171
30156
12620
38864
50588
38151
209663
24726
182913
266633
25751
4398
200138
59341
211540
250548
137815
170332
277273
1304
76898
226951
164165
13613
225696
292317
64604
191045
224600
297524
33759
217817
14870
177019
225055
35073
14910
203564
13356
220504
203789
14111
42396
160545
257391
162145
239342
21101
170122
20066
295245
190313
224912
276994
296768
194619
13795
27
114419
99008
207810
162083
1127
160789
77808
13782
104298
168959
224652
109488
205647
207144
224732
246042
205642
90962
278159
203130
209966
121715
248551
28216
216977
192738
224968
224390
193059
91350
185078
202690
74960
99076
288937
168795
200203
190726
239140
255820
21313
277233
190487
278201
99283
224691
25762
99703
260356
191373
109352
277134
187251
36164
38662
156038
298425
118114
249260
104524
96431
170359
268257
27132
152514
105937
247591
258606
40076
139564
34542
228570
34510
29373
13315
44456
120840
239972
224272
46076
197975
224718
160809
13499
60959
105648
270178
90942
223402
275794
34353
205192
121828
247611
277291
224255
13723
297665
283724
4332
207019
15455
102736
216965
193570
248374
24729
50559
168292
185665
206982
195230
102596
277120
14436
252996
220769
261038
225961
252742
260324
57201
246371
32703
240337
237911
150459
246190
224558
298232
298241
193748
47268
211553
162075
12752
299269
18937
139566
97827
12477
212769
244669
228565
69209
157841
27308
74990
9890
60656
121499
225370
247867
185907
189957
224731
5091
240543
81615
31552
14864
260368
131625
219941
174519
226891
260094
192613
233862
183198
207979
12144
194014
239119
297472
203843
76035
170913
14135
121819
51475
19757
180695
124340
23347
280925
152130
160807
47828
281159
12619
180621
47940
259559
139533
100242
121926
14913
162036
116485
250600
180693
177069
288941
226780
120136
216931
296452
11937
12680
226769
35157
20235
27150
12707
277358
121662
99089
31557
285580
211521
67696
155594
95858
27136
99031
196290
168421
14278
35196
100155
221406
247947
224286
20123
281182
299457
22106
256869
246276
122208
224587
283542
18269
29481
88518
40156
205285
145908
242927
285899
177037
234991
73424
96725
20044
15761
160800
224449
127419
214269
213607
207883
14276
293632
94425
250550
273736
188102
24768
64462
34629
220773
264889
68590
124324
47757
170027
46600
170110
275792
268842
247537
239596
296532
248251
224299
247720
260102
123219
26342
97837
77755
151698
139993
297466
224319
140376
228525
191224
205096
190828
48133
97873
249925
113920
47432
177841
8571
120186
24746
247956
179684
38164
226903
65850
77061
28366
221405
257877
71604
262468
297424
239211
112734
174384
188997
102149
85770
180728
273709
20414
15160
224411
85528
204299
250603
247569
12330
283725
13089
27431
58077
124433
33437
247844
19748
75480
250556
114881
277499
221250
27726
276437
89089
51476
30015
95907
220286
183762
224313
182034
12615
74487
94918
183193
299523
59319
193565
139847
213141
59342
91621
7373
224771
68468
257326
267012
122362
215070
266577
206966
6172
51479
131051
24734
19708
243257
27320
229006
224341
13580
102256
257885
274976
229433
59579
174365
14681
30118
171293
220104
241718
75878
35067
101323
295907
286799
21458
165515
281132
67754
8
284702
64479
177600
280643
257375
12259
37389
105277
29332
13788
51123
20205
27046
12906
206692
178888
197318
52313
286652
160856
185669
96001
248035
274939
285630
211563
64733
99296
94060
237947
277497
203808
247975
13106
23720
51515
8315
80586
247865
247924
291554
299200
256379
99623
12697
260365
34950
108304
270362
226886
125336
21151
178940
91068
183700
50543
34254
19719
149699
34669
91040
25364
170436
224733
1312
183145
48112
183189
64808
13461
261923
30331
98265
236479
67550
236625
198708
203464
258594
117119
101509
286775
299447
78400
86046
14256
34383
221434
256397
169218
257387
230388
216961
20433
270940
224969
35434
259537
69318
95881
90032
47954
112122
91071
244690
289112
224527
69439
95750
11881
211318
96830
151826
4314
91405
13792
226763
250547
16954
235733
77743
226793
236460
239320
14136
65286
129048
211827
119998
190663
59306
231800
177048
287923
80504
204952
202970
257370
281338
13533
13861
284914
220325
64
121821
220529
252407
13351
298000
91399
64980
224408
12497
168840
200174
53962
276036
134596
297270
145915
225699
185584
96398
226991
120187
195379
101462
183702
34933
260293
286864
224478
76108
220267
298067
81416
16985
239740
114769
112769
297587
188784
285637
248607
69491
278776
220320
128213
193115
213603
239520
185666
170317
281110
255119
205644
116194
297941
247685
232426
51495
294751
213552
180551
249227
103623
242043
185650
10059
102697
255827
16213
283543
248584
13071
121827
55723
250184
104037
240706
14530
13882
19765
24066
24728
216950
233187
13343
203864
116941
294737
276383
268336
77685
236606
177402
48075
33171
118418
27788
151789
291171
46535
225665
118470
274981
75037
109263
74397
285567
13577
81133
60815
150673
122197
89873
203777
1036
80194
34252
203817
193653
205225
149845
258689
295242
13116
224628
229238
16700
88562
193703
291585
258625
9510
251138
191248
224544
66490
228532
30226
205641
253192
97786
250379
51474
145868
224474
225877
196440
139576
223294
224785
291539
121553
286837
59345
170252
47361
203786
11931
287797
203202
127534
231855
80683
260292
4335
239110
277164
181859
180992
52361
239290
230969
224242
82681
283664
138390
120411
77795
90065
13196
294649
190666
239336
74364
20432
185095
30234
276389
258435
69368
170344
247653
101510
204681
12807
13553
13805
205101
12968
220896
12265
77779
281186
226761
7385
185079
4329
124341
148261
168841
25110
183708
13134
232770
12096
1141
90964
52134
274994
151472
295938
150383
247675
238886
276334
225060
18295
286653
13651
51904
286691
119532
280399
77709
171984
17967
77679
297505
250527
99087
204706
14793
94431
296297
32700
248085
258451
175396
134219
193456
277272
139543
14365
247605
101529
224275
101475
100547
211546
165092
181804
212199
220472
225647
248580
61494
30304
285579
295248
277325
74986
19662
13657
224564
136119
105295
14265
10522
14553
296290
298478
225106
34566
225947
248597
205275
49601
297483
77181
285663
70919
215977
204594
256378
106567
297568
45784
88051
116618
251065
123733
56554
293753
34920
106823
7453
13375
180730
33680
66339
13079
147405
12626
180540
77702
145876
99041
200177
174381
98551
277333
231578
248572
261230
170171
121006
192693
248187
224940
127417
236627
213583
224333
292302
249706
206231
121928
156678
19625
224960
224828
239224
13912
297576
104864
281111
124387
247895
225390
165691
103405
23712
186186
116487
205654
162146
220714
277166
131808
81633
108897
150375
287010
90952
297487
253736
99181
149849
237949
24418
205099
183162
12641
277124
227024
207959
273689
224364
24708
180172
289104
120846
224890
203103
170334
65871
20439
160791
272159
193909
248647
272459
121163
298064
91292
216935
170326
139540
239109
84664
219969
103990
152179
220280
75642
168423
59331
4322
192690
34929
15344
136223
248904
80997
234145
101484
190743
122401
13098
124296
281334
207884
261874
94343
286767
12933
171167
204980
250574
266198
175005
99724
224450
225156
247677
35056
49655
286831
297776
248108
177987
124311
224814
199886
258429
35458
203810
13618
24777
29244
268288
11869
242014
121445
78294
27927
170320
59309
153880
255822
259540
239666
64783
15525
268286
24760
283584
225093
225648
297040
132139
58962
255146
183784
289668
12702
77784
183262
270446
168987
228697
179100
105021
99975
239180
82673
140504
13802
298218
275803
78374
162032
175546
191392
40415
56900
165458
13033
217896
34694
135426
195235
174343
170021
13203
63576
85297
96391
144281
13391
298275
177659
274985
121091
266233
64517
285648
35143
78480
47160
34378
277314
74935
203203
25788
207971
177066
43548
19749
93928
228993
25671
112341
214043
99005
298477
211818
183726
10045
127545
30150
247602
30268
213611
182382
297473
293755
19774
265745
220501
295831
150368
115653
35922
15332
82355
239254
183676
18982
24737
181785
51492
183800
133166
219964
231988
100642
168447
248144
224347
160553
177051
245980
12625
169134
19049
225666
188998
183758
33965
34926
90939
90707
13183
17951
169217
99185
174495
16214
216689
299813
177341
80730
14851
285650
231646
202997
16695
205514
297474
203862
20218
94340
268282
188139
200152
205374
137850
256373
295060
248209
16313
281406
30263
224443
189646
203874
224601
205034
200149
102986
180545
264759
271501
224800
224676
189982
276053
290775
64543
199968
297456
204983
172043
279673
14125
266644
121726
116308
225103
203787
148793
277478
46933
298393
12947
170117
131656
7399
12583
287906
179698
215956
197374
275779
193694
231757
247868
260345
277262
13008
152856
4324
14032
8583
69328
35115
96556
286697
266664
148530
114496
204111
66549
33163
295042
85397
246234
289055
224327
82679
74973
234150
225157
139572
200005
72916
55467
160795
36100
116720
33792
14813
64984
109364
35523
129260
99993
203001
117291
183743
83067
252752
108900
248658
260306
168411
96596
274933
225638
8038
12569
232025
183680
250391
213579
215985
162123
200442
224352
224937
119989
29372
268757
73998
12505
270769
240445
286812
260727
297426
215049
162076
131690
20709
224346
183799
102651
189639
266602
49413
109362
185656
10060
263936
170299
190748
116193
200880
190091
145889
207974
128176
244698
213555
46080
99627
174395
23719
45124
295706
203812
297206
226778
277118
289090
83335
85437
224278
104049
22762
13772
25730
286656
255887
19770
236463
23152
241284
220395
39493
106259
25109
38159
299472
270271
20437
200927
1305
124360
298405
245646
228564
225003
268845
193691
124292
273768
283877
224692
167163
250645
160802
48595
286980
246147
10099
273788
183027
82202
270773
14811
82167
246218
12045
224866
260367
286768
24761
122195
85316
129833
34937
127539
178637
277264
183774
98992
33641
281004
61501
225672
166898
182340
225671
67435
34635
42466
101678
219954
24765
198429
96093
225130
260371
4337
201508
116436
135934
124406
207958
12634
28875
270428
162116
291531
183712
232291
193354
97857
285344
270135
15787
239221
14034
35510
123994
226795
114886
35340
75841
277140
249252
25836
61844
56932
161107
223316
35159
24448
203809
253716
14737
162092
240182
103644
19904
297460
295167
106558
24725
90946
74920
18932
50582
228962
112778
242758
29297
123402
114870
272263
170146
45910
12609
190738
220610
212252
480
14762
85423
80965
197333
35111
285700
150373
226993
99038
51513
223392
224830
116306
237897
16230
117141
24766
247565
205666
237809
224855
150741
95853
113657
122273
99127
224287
283687
203470
47974
203790
239605
201182
253725
181386
279418
239117
128214
33074
268149
89308
123731
255263
75002
134545
174390
278778
38304
77773
174360
19745
297507
19017
12633
247909
83577
203942
162097
98550
30218
226998
161174
275388
255745
1023
188105
47953
275811
207184
124315
131065
188143
127438
224586
32690
190838
59581
33928
224873
294705
291588
114851
242493
135780
170292
87945
192725
148260
248148
203823
274970
105942
260624
81276
289666
13557
76132
294760
139563
138380
22156
183798
21205
170120
239345
12343
292312
20974
82226
234440
213867
129838
36721
286866
294650
284407
201750
125150
10044
286832
242925
248189
131208
286757
286967
192707
297212
13073
170275
181608
207173
1318
148264
205202
121554
164270
58101
264899
1125
224643
183801
224985
203799
12053
133843
219999
33925
126807
88150
204703
236474
277506
35131
40143
204298
296656
137563
291243
170309
42165
115803
108395
11936
273428
34402
260361
241523
23183
183669
298401
185572
276674
47163
101428
295128
121539
90960
276030
203769
23186
68591
237910
260344
83288
228949
99118
182607
272788
89188
30170
30242
112780
76513
297457
228687
297653
174368
74407
174521
39427
121341
62790
101519
74864
34889
236457
181571
224779
239434
190918
105321
248618
231833
225137
14460
147079
14537
224490
256399
139712
139839
34385
120711
170345
62493
5101
55463
243009
220666
274707
220498
109342
63122
47751
176073
259128
224377
248011
47710
255785
155653
193454
248914
27984
272455
13927
248197
216954
12155
17770
14167
124345
166091
74165
234993
104731
245984
5104
117805
241997
46087
129255
28871
24817
168143
121811
139571
91036
289696
169163
216936
82251
291583
273790
96292
224954
136058
14519
46454
206653
234992
295518
88933
34410
24059
24775
139557
11872
59313
8313
24715
277160
102324
238914
96032
266245
37352
89789
239033
231657
175400
224679
137238
231795
20968
260382
174371
97531
248278
252744
19741
101461
260626
77774
169745
193345
12145
14523
225115
73753
14499
76317
289097
34373
38306
235207
64811
203849
172244
150346
127532
34401
170379
51504
250642
124380
129731
82197
255824
171115
91411
12530
13561
224636
224961
205191
124348
266639
191223
129298
216975
170323
117122
74355
186159
106828
186095
111824
191106
34453
281391
150369
15342
281118
12772
61490
24706
226902
13272
246084
205055
224639
55456
220122
106110
1943
13648
124025
252846
183734
247557
162043
261152
277100
34938
210933
27791
24780
140666
248615
276940
101441
196141
12647
237905
12581
56291
13326
248046
249820
297957
266142
53994
295260
266684
172231
88047
229440
299467
248028
239557
172928
255828
10941
66765
67701
145173
117123
24803
210192
200147
14477
293616
16227
281809
116714
30243
33917
191251
298202
268839
102464
21411
193175
229281
180516
111815
116351
280495
82631
275873
83106
18806
203846
17502
226791
233167
192949
111762
222232
15270
296580
268241
13611
270420
134951
94341
250616
31542
113931
221464
108150
13093
78373
14025
174339
14911
265544
272264
24776
27325
237004
190715
280726
131123
238410
197326
286880
117134
58143
148252
89279
34379
170236
13944
65100
200060
89159
199975
77659
13574
72906
33468
13102
254628
116068
204110
286689
13790
103544
252748
189983
198698
233927
10055
197369
247634
101820
183693
216606
203469
240440
35211
224470
178560
276433
14505
228980
77740
108152
258622
62788
188007
32397
242737
225029
34382
285640
77730
22558
199966
286896
63747
227013
86075
34539
104698
5164
7377
101522
178795
258627
133933
35149
67757
95746
266667
247689
183692
170080
177021
183201
193739
78205
220862
118424
191383
46062
170051
286693
231645
199969
122431
34812
191375
187584
203801
30149
183688
170316
14619
247886
81775
239599
188138
60133
281065
215287
129416
200443
116940
5767
250646
273710
98996
101175
85354
75015
225352
42394
60414
74199
172294
20774
140791
225076
33165
258597
88610
183760
277242
52282
191241
69604
34366
295141
224726
247583
298263
213582
213741
260302
34427
14875
281191
224316
119995
281804
220424
225679
169162
125985
105283
242762
13783
119996
119968
244646
239038
25663
118350
16211
100217
109042
95869
103647
268243
290770
178245
287890
47970
99115
19750
148275
13524
202626
231694
224833
174407
13450
190073
228820
172266
133437
213657
202953
247550
193151
201671
145884
270598
297221
247619
197805
224682
209052
168445
225682
15616
35497
219980
46063
96123
296039
117808
258607
193776
190867
195044
204027
183188
103986
35223
20240
225052
260874
170260
84885
224315
277145
231799
294657
193578
149891
133985
30081
90957
24771
287741
12553
38670
297496
224806
20827
293350
263743
135833
220247
120248
205375
21365
287022
152522
202689
274984
12110
13383
224335
42676
218124
46067
64965
250612
104296
224271
296585
207924
285668
207925
189955
260
15796
82186
52342
205639
135731
124376
257386
46697
121830
47447
286738
155669
295270
32701
44454
33359
202969
13484
218874
13986
91035
225005
206792
208029
149837
224576
279530
275762
102898
148526
193911
136381
152508
77655
99034
121590
150735
199952
170188
280970
275802
99133
255823
213594
58116
276028
101447
286827
220067
242017
183300
129133
105273
277126
38660
247616
15106
80585
117315
212426
36805
277285
296947
8582
11856
20253
102593
268302
112519
34928
228978
108875
270138
173944
202987
183854
82195
112028
258609
253704
96704
65433
289089
15672
206898
120038
160814
183264
191219
160799
77592
266177
266182
239443
297578
46078
290016
29404
192950
219998
33916
69332
42381
152504
49284
277129
35097
77505
289667
46768
13107
205227
286655
143004
178638
189980
124307
11923
275896
22898
211525
224591
99292
46079
121822
204978
2184
14580
38672
225382
202989
239449
34386
55461
277309
297429
100534
174525
16222
51497
224653
225695
247934
169137
46072
76733
204972
285935
281399
101500
47849
124338
97756
70750
202954
259862
103515
80818
91627
165720
225547
201730
260329
275814
4325
203857
13890
70165
85047
248563
123728
26695
101502
201797
91764
59334
18920
203827
149540
169213
64989
239531
35173
20431
12108
239279
78390
98625
13976
121165
125016
128132
286646
203800
94325
224595
169161
12952
202945
112754
173942
203867
199951
94134
172674
289101
293619
183842
34471
260303
14458
92949
151991
94386
275797
247617
278779
270396
76145
13660
70472
205182
177588
88045
168293
201687
225079
100278
34689
126971
225667
104471
150385
186226
99070
31573
98333
34588
191233
29482
108895
224871
99101
120456
225092
161108
135756
224804
11922
188144
55399
287007
199909
14240
150370
120992
265722
190732
110214
78811
239629
225566
220327
101456
195165
268223
216925
77081
14067
248145
170280
266217
120891
13421
225109
30086
14819
99905
299490
225383
137178
85044
170052
116304
213153
47362
36002
81991
105278
12582
126042
48119
211564
186224
220886
201600
248386
82254
13773
225063
136073
277498
85045
217165
118128
224987
116932
104028
94445
99012
38502
50578
47148
275748
91624
35141
268204
253705
112126
25791
240538
20574
158978
203865
62182
226765
206983
247873
56980
102467
170160
55474
183699
202952
21320
39584
100444
234610
188012
264770
74964
34372
286773
4298
12794
7816
117128
124394
124314
51491
14850
78447
75762
296016
118641
272219
267633
46862
80186
220906
184918
101476
216955
286787
14325
105546
225562
260291
160686
277269
56504
285796
82206
239555
250587
184044
103786
200073
247628
114817
51469
256136
65872
211534
20046
203850
225677
12352
289106
88371
228804
109545
7455
4299
203999
134756
161483
224483
183771
278769
203699
298246
299224
51553
284050
199933
297464
295854
56857
30928
225175
281240
24720
248190
56506
67604
21453
293621
19771
129201
145236
281248
191453
213623
145910
273692
12997
19922
236472
215500
64674
76098
76077
193690
105336
264840
246310
232166
12397
193696
198467
71507
200283
21567
281084
105161
97527
13801
65
205203
56885
285626
20973
224384
122207
121660
94476
191247
295342
48135
252769
99006
39488
153885
277316
141869
21510
12904
191105
224279
121044
13092
126999
191249
124371
299519
224340
147601
299422
131064
51524
170302
64986
281264
224941
19970
13656
152513
94324
94037
19341
62782
59337
277252
33007
170294
10938
8037
73864
107650
277330
239591
34258
178571
174520
199272
122274
192599
286844
286662
202960
195387
295266
103812
34674
250584
248158
89644
124312
277246
24816
127923
1133
192674
224365
122211
187797
120697
16707
180600
11880
263507
190808
26
177062
248903
103611
249608
58960
23161
247657
220697
121353
24789
73520
224991
36724
21174
257261
128167
286744
94109
148519
226784
260379
212217
196740
254595
224647
294730
279623
13389
71548
103970
47161
30159
226796
24320
99317
188104
268337
173884
13560
13621
260374
119999
296614
259579
149838
219905
274941
24787
8572
193171
203775
178887
264789
203869
126184
211539
13797
24783
196497
67638
170211
228921
12509
13465
178941
14852
224417
15058
204182
220425
101508
18048
189277
116614
275773
177022
212723
158994
82661
81642
73869
121330
34912
25782
248224
224367
33273
181287
296112
225161
24717
7393
133984
64806
108516
24243
223331
224545
242756
297651
28887
168446
47152
64966
247831
239640
118263
16709
145169
77617
117139
213608
183723
48628
128908
13346
128185
62323
121461
297425
64466
294750
260378
131689
299417
143987
228247
12057
203848
33304
8566
77819
250624
121514
298395
19903
14541
101527
10770
280871
47670
77756
193342
271498
46865
193346
275789
264764
77757
68381
258718
221476
133356
91777
247866
30014
82199
27987
103615
63247
99263
80598
12320
248134
234997
98269
263518
136106
94281
286850
254601
212196
20238
170108
220404
13939
133889
83576
22764
266229
281047
287882
281082
116303
46664
38166
151474
224661
24804
5937
73867
12483
25787
256404
14551
27822
46066
213156
148262
20435
149846
83490
129840
12948
225388
170259
56581
117816
277154
75092
205102
112156
150758
239141
61503
46813
127549
88600
268093
34389
248631
35177
203798
140141
139104
82852
248381
18907
219869
5092
297440
124385
160227
65023
112157
170130
63384
193646
53355
204629
203842
191362
201723
64832
224403
200153
27367
257887
197310
276353
148100
275750
121680
131387
231832
24060
224687
101514
188340
116799
14370
89084
274944
244026
224646
97525
226897
250620
49491
152510
197316
266668
162591
19775
135753
288978
146408
209056
240537
19913
231939
27473
239481
296936
295271
203106
113584
90046
15617
139851
103774
28873
121475
33964
99057
281449
180502
65267
216779
12486
99131
58109
286954
81446
264838
105276
224924
77619
158993
228833
14727
281436
281405
250374
42393
47193
190947
281371
135976
51127
180537
224339
13385
259541
99129
189006
199806
77733
117292
229881
14814
51470
98983
13567
149889
239391
47343
275756
285801
46967
103938
167170
51525
96430
27796
12611
240174
289680
14027
24755
149882
99116
22157
47445
102929
162147
244699
189640
225554
174492
283759
1124
234417
224562
34524
13573
28876
35454
77632
12763
204976
124308
295262
251195
261924
21360
295126
29303
112068
191217
39585
46094
272870
285904
14853
224972
163464
193113
100140
27463
222535
149911
202974
37094
136321
51482
14861
224559
261880
46765
132535
12909
170176
225112
256856
250605
260314
101515
248127
174376
188142
242763
203883
12264
23357
178627
224414
58257
183778
299426
253701
84150
14267
77734
231769
239589
1316
286816
177067
231596
262260
191374
245150
77677
253728
42385
178513
30189
220186
275886
62793
96159
27707
35161
288816
206003
99163
15136
15198
248220
127542
160851
248574
13350
183184
295241
285628
122202
46071
137633
13353
73437
220749
248073
13377
67705
15556
190699
231945
269529
191242
34675
148265
225552
218300
47164
135746
193577
220192
272365
112758
192694
39490
224650
133135
245975
33966
122445
4351
247551
170075
22865
48120
263932
40434
96000
248578
34393
189007
1310
141675
66019
220344
250425
131119
157746
58258
101517
227021
105280
250510
269336
4295
239031
27359
42395
42967
4311
72137
152082
257627
135718
47306
220609
67756
112067
199971
46954
143938
91620
82182
193359
74950
46767
191111
270144
281121
82742
112782
34948
286736
270239
88651
105294
164849
2476
224529
21408
24712
190685
187511
236435
111872
12273
287828
120998
201176
195233
286958
190705
112002
33307
241544
34943
192728
19857
200185
268193
281026
224862
24218
279753
183731
82187
224721
286962
239479
225948
13600
14277
286794
193350
281109
265772
220064
24742
82198
170301
274959
247727
103870
177399
172344
266645
261870
287793
205189
76165
47435
120086
153216
80575
135749
148270
13100
173875
66021
105543
117653
215506
224303
278206
18273
298319
203856
39588
104868
23160
47941
177614
190448
35204
26121
46629
15517
295258
239648
148381
102466
205370
89813
265146
131737
224259
60814
30105
90949
35098
139549
270432
100234
200150
220844
239341
216947
212744
139852
296767
122464
266260
124102
169216
224790
134242
208284
260282
180528
105124
228692
24795
117786
291368
224583
248146
161478
183258
275884
213157
12944
81634
45919
13120
8576
74197
10935
149839
78411
101445
245963
261927
231595
336
219942
183766
14452
13084
94421
59314
13955
133894
224921
82599
139861
22900
224617
75400
127552
249788
24421
20251
74200
127531
134747
235738
204619
246201
297187
247860
148376
65723
211533
225694
20575
182629
19933
266237
275334
295612
238860
22763
183756
220621
225557
248130
124368
47431
215642
183780
285570
276357
284906
165719
110356
151990
172269
10561
23153
228567
181824
248133
277496
275806
101488
266180
298694
248594
270142
183749
95935
65341
204977
34430
204765
296293
48122
288979
285625
104526
1033
10932
255821
238428
223349
51908
224931
214964
95868
272221
101442
246387
228536
708
203871
47639
219974
226756
13683
247694
105139
145907
37030
224704
172808
180699
12059
82633
203785
145895
286702
17485
12695
14961
270134
55473
14775
213604
267656
213581
99170
34658
283396
259119
12402
147025
220068
248656
62247
270425
95837
270136
77614
28881
224840
160549
247682
24779
246155
268332
187026
31635
247704
100169
206655
276362
47952
236391
49488
64521
30198
277225
250621
14127
211326
258436
276358
254610
149164
279263
224660
99139
45701
224412
91299
45718
199257
295939
152515
226954
202803
122408
174502
239218
225017
160689
47758
13103
239107
289111
99117
66499
101499
120740
18532
165089
250640
104316
287901
120556
73755
291537
291456
233928
224673
13950
295140
75881
185573
69965
225162
82642
170322
20219
224539
203788
170161
157504
225126
286826
99018
256246
220779
77715
219846
225568
224958
149054
147600
94123
13425
82331
20050
180734
207818
42962
162126
133788
255709
189981
198731
277138
299350
105316
213655
224754
272867
117814
165090
202975
193096
27049
181279
35334
183737
35219
279421
140127
14572
48066
203880
186002
275771
265133
6985
137606
197353
245145
22767
268084
162066
47297
35456
31077
264794
291460
5964
224293
224864
224376
122882
33643
298399
227001
188141
24763
277289
207816
82635
15430
236459
220574
91397
279335
224909
85419
97258
190769
224534
289142
229265
145943
48276
111998
124321
112999
241866
281353
148626
169744
90693
68442
250542
94339
117809
121829
207417
247900
277156
174351
13523
31630
187541
207952
225143
138391
224565
145222
139547
124404
281153
34390
19696
151469
220326
224844
291160
90956
162081
177105
148533
125350
32702
297290
46443
117626
120512
67726
239551
257330
99037
89982
122209
266652
252914
117793
272866
12103
479
267653
245576
247971
133838
270585
190800
170151
225030
99074
183675
272235
97826
13652
228923
211842
247666
161445
13601
249490
186188
239111
106566
185964
185673
239326
191327
194291
291391
81624
291461
99009
24747
266519
106117
57645
185615
118395
228527
24806
227008
224547
299453
98038
203095
151822
52308
77596
247942
24065
275753
289100
50557
67703
124333
257352
299445
276385
268327
239423
131210
208777
56914
64836
177049
178574
161469
24738
52904
224366
297482
281027
198982
120444
24786
190062
8852
293554
239378
225097
50545
121812
242926
43132
170279
121175
228526
19930
215987
224274
227017
21030
170129
10229
81635
286739
274960
35341
83292
277479
224399
299292
34562
112760
247953
220511
207809
195382
220607
246269
260352
27804
204803
219844
248105
234611
280725
213675
97856
103530
272871
230974
34627
33642
265158
112466
298404
31631
101819
121217
33708
212209
118819
145878
124381
172264
101464
12567
174362
121785
170185
224705
27205
77671
94919
85374
285939
186219
289682
55808
37113
28156
51477
137218
28009
256387
170310
91752
77832
94916
160813
170311
172816
203794
220238
160850
272456
211542
184755
120703
98975
172193
235462
298701
14779
190970
13347
51508
35857
64670
235737
192614
225040
185504
108902
232610
96400
99906
12121
13977
10115
104956
207948
220791
172661
203838
284174
169741
170189
104079
183685
31538
21150
224894
261966
152590
127548
76146
275810
144653
229241
76161
203829
222233
224936
267657
247731
203781
197371
12105
204475
190664
213546
183717
63897
74992
71921
105332
10103
12683
190940
77833
116946
35045
35455
224619
255939
215970
261327
247946
24555
95854
177625
239219
298396
128126
224542
250623
135714
174405
14002
46097
69600
256380
297217
240443
12312
276023
175541
190736
213616
38307
33968
200181
12551
108922
287904
65628
224509
226779
76231
268137
102599
224889
59339
225690
289083
168409
76232
122403
51521
160793
272089
118168
178553
103400
200059
190727
29302
239223
22765
280520
221370
89156
108874
62795
191391
34493
264837
191393
178626
90954
277248
255819
256374
285573
151246
133915
226766
138378
51493
276074
42965
35337
225026
260343
239379
48134
110326
277169
77615
117798
205658
276343
278760
279417
297479
5097
256388
260898
170318
91626
213299
125355
85967
76480
232062
280086
14432
143777
290746
812
201607
215986
122102
55100
13962
225165
264900
219896
108506
234998
253783
150227
201724
285643
13471
77648
267635
190402
13091
59315
211529
275885
224788
249278
140480
14262
176878
181800
27360
199910
99178
174382
96156
47359
224932
239574
284509
127421
168781
172130
91609
169169
226760
170325
224798
59325
221472
273422
242048
220022
193915
205372
154294
174378
281125
25747
205333
106194
246148
65235
295265
274709
284404
27213
181801
299421
297959
224415
110772
260315
14863
50542
82513
191240
216720
12485
290438
224580
286879
14048
104898
277347
257210
22696
297540
227698
278783
76833
299288
164019
279662
12920
261284
89641
197320
103846
14544
65865
14532
224302
128914
160859
238856
33162
45694
224853
34356
299940
253090
30297
224698
239505
80681
77796
34949
40438
234144
105324
14033
203784
49752
296762
98040
34592
20220
58114
151823
124370
247692
267655
234595
120705
192727
190082
260355
285888
162053
167168
16859
33121
162093
162071
35125
208644
10056
91069
12239
226879
181821
270426
152135
73872
1313
255585
108898
129353
84777
207993
247572
46444
289669
198001
286861
231729
195389
254951
82191
34947
122406
220289
246086
138725
218422
165716
268177
208477
191250
135791
47449
133430
244641
34944
187570
169171
192126
95883
97516
109223
25131
121335
258411
19797
12985
223740
258719
67511
177028
489
124392
183763
287892
259581
73841
190944
13331
190403
95776
80132
149534
237906
250641
248107
198979
239077
12502
299279
231723
224503
226801
236423
162137
55445
297574
239270
220379
281255
82183
2243
225152
250420
124361
173931
224543
102446
190863
160548
14731
160819
139556
13413
286868
19398
118393
296123
120091
224551
279584
139565
225042
17913
91039
34543
286745
34686
60698
170152
177060
33445
180517
190913
213557
34407
30078
233930
224536
202972
243121
291167
224904
158477
78899
139573
184814
20105
220278
228524
111672
256063
297938
23328
225065
207926
219940
188090
100645
141510
247949
226787
207960
35140
193904
250613
190866
34261
231794
236392
170319
140936
226788
99166
281133
4350
148385
203803
225168
64491
121460
99080
284176
253785
176872
299459
53147
60406
148273
138381
225386
180731
251396
189002
297520
258684
47430
288947
109279
110717
286715
49541
111831
286998
234812
14994
168294
224815
46453
174361
77598
191232
14872
239964
28312
256865
75676
293705
19747
138351
197311
21547
249708
3964
192617
254613
158997
195391
25748
239383
297211
174363
205627
148254
4269
255575
180541
19721
265509
117133
110753
179529
13070
116434
111786
33175
266628
44782
185094
30077
143603
101535
181953
104009
215975
292356
58910
216943
207876
81693
121252
183795
36868
257232
231791
228528
220234
13362
224397
203825
14803
202957
112478
172031
198978
145906
40150
219970
249285
180523
68453
188126
101520
101369
183186
248040
167518
295292
134080
145874
297664
19769
47269
254207
90944
278331
297774
33945
14320
74991
206791
178630
148256
183764
61510
116435
225027
47162
14500
19569
96742
13195
278774
246386
121223
260301
33167
56840
34086
82362
272371
34182
55454
58115
180503
95912
89087
170362
101485
34710
108542
266693
12981
127087
33246
276342
185965
281057
220363
248587
115527
175549
131658
281435
40039
34355
5957
177017
170606
52358
206004
198980
139545
192669
209111
281044
96608
5340
124281
277320
95891
238429
170298
283673
218308
14729
59333
106462
42399
122405
117142
293622
116615
279422
176966
286795
286907
224526
120624
190843
236274
296588
78491
180546
25755
131623
295859
47263
267559
17498
258598
294739
95882
120914
185085
181286
65223
198472
112404
277165
181806
276469
205277
291205
94414
277231
104185
270422
248616
133956
124106
239147
27085
34917
20600
246983
239595
33222
162160
244128
224369
103084
255173
239082
77605
61513
89669
168442
116935
13384
35445
22887
200142
224348
112445
247854
12685
174372
124343
60405
170306
95842
236410
46968
137868
203831
195383
293760
292354
102646
260686
126985
297666
172815
27745
229192
128929
34256
213537
31605
224372
12153
160844
71606
28337
124373
118423
8585
296121
12803
291398
133959
51509
270268
51484
6916
193109
253656
13762
168450
121548
115914
25732
202983
258290
30121
250563
171426
4330
277256
133783
13760
248599
286761
14646
34930
246232
224326
183266
220777
236465
174370
207963
279308
120839
37884
105140
96478
183196
14522
247980
114853
48059
103722
236626
97235
28355
24807
185081
33202
139843
190773
286717
39489
124282
180504
238868
98270
75009
65876
67758
188545
15107
121267
225365
200928
226881
181870
161799
214986
287887
274781
74162
133124
281192
27550
114860
12666
221475
295519
191237
183200
55476
30194
266218
225144
224422
169170
140591
9719
239606
198006
191109
183761
247644
298414
249626
271871
281045
133438
4336
224665
10102
207186
225551
193462
15501
12594
11915
239603
160400
268239
213673
13547
13764
120871
270496
102592
224460
270578
212911
101451
116311
77809
77820
65885
207778
224877
191271
69298
248267
47709
94416
15355
13539
121818
31602
246366
213684
226782
242765
224312
218582
77749
13094
244657
230779
250066
193152
264765
226175
238725
12525
41876
28369
35148
106764
6982
296114
139552
101062
250422
95971
14098
18639
180510
211520
277319
33119
205366
19931
248567
172300
94139
199273
112118
199962
213688
268281
156853
244659
285855
95778
247614
247638
227830
260866
170312
135926
122463
60458
140913
139859
199976
224713
108881
289685
175540
52406
185672
286932
19754
9501
98525
99138
247643
200107
12635
121027
12068
239315
199887
115802
99085
219752
232425
18209
203860
63
287891
88611
224248
192603
102587
55452
259571
240510
100380
139554
117801
90963
809
299075
279723
183187
274983
106827
296701
187539
24896
247560
46966
295150
108880
252755
206672
145220
170343
250585
230777
256197
45696
220323
80591
14099
286963
159862
224323
162155
13776
219061
225670
30137
12120
133732
299452
184617
225693
82660
12614
77668
220376
183796
203774
235234
12938
151385
56862
287905
204109
57200
248213
193678
13586
124331
183849
190734
34946
1128
14437
46634
12236
102735
275807
19965
99160
96680
261283
193102
94482
173870
257396
239569
228777
88932
224765
12490
58331
295130
271499
134660
100584
32689
289717
53130
132570
203166
64776
25734
101448
190951
14878
10048
99027
30274
131738
47079
122479
214352
289092
185574
117791
192598
225169
82735
224663
121527
227007
174651
198349
46998
224338
34413
33924
225122
299372
151374
150376
289094
58703
244674
109536
247894
94485
170287
95818
522
177054
47847
125143
265957
156846
108273
82935
75011
140547
250461
13563
83066
236600
286836
35243
34406
77646
297942
99120
44331
115759
228530
124329
118390
99010
233567
118389
211808
190802
24767
284
124290
103869
117336
12526
229879
224395
297478
24707
277331
242861
116482
224644
138383
191372
129350
134145
124328
200166
283675
29442
220794
224669
50556
211314
12773
287895
244701
134061
225634
76251
286869
152380
242317
106268
166350
19020
173881
164942
205248
112574
119217
248089
256372
120133
283672
33929
19767
106263
199965
40173
188132
92940
120303
55258
106264
9512
257569
80594
203851
209495
297485
190741
14039
224677
224632
287902
224750
226783
12489
34507
247688
82608
13629
140262
258442
161690
36095
297423
87983
24762
268214
21455
25653
34437
219979
14486
13205
187565
32636
296577
84697
110462
14435
44801
168455
224584
235039
13793
139860
93980
215976
240689
296453
121013
190869
97530
296579
277132
286706
192726
137026
89044
248097
287525
52344
101524
196152
99099
35124
66862
209496
60403
13401
190908
56944
172668
59050
200154
56573
174411
228787
113915
16220
13407
38163
21562
213984
170349
45695
239325
160848
30245
277334
35459
231594
100171
46769
133934
200839
193914
66154
274977
248221
183202
144282
177613
203815
258437
137634
285575
109541
35155
225589
131781
247968
96395
100467
160658
206721
224925
286751
189977
265755
55468
10117
266242
148379
49754
76196
193896
45744
1681
102280
132727
275780
224596
219871
172483
183741
38445
33352
170251
99091
239970
275754
227002
191236
128178
15203
220814
47971
34921
168288
15611
28024
91037
224266
275784
284911
525
203858
274982
190971
287012
284913
239445
34567
180694
203877
221073
272285
275812
66349
220651
96024
297271
121022
139713
42469
167370
170335
120892
295162
160829
47151
106292
14038
216949
18298
187127
286698
77289
15105
257279
46864
144278
223237
2994
221407
74410
96401
250607
281241
14730
49607
13605
220266
120120
99907
110315
93439
205378
74937
286939
148520
11853
51915
295959
232513
224386
202645
24753
261118
65195
180514
2795
49751
224305
239123
90937
281410
250625
188302
213974
13428
215465
231579
73754
199995
124285
289649
239220
132146
68443
275761
120350
34579
12995
38156
51910
209842
248277
34263
219953
114878
116925
13718
183208
13101
56920
82496
101506
296126
269762
15017
298671
174396
225962
248094
114882
121526
236414
277121
224915
33122
156207
167161
12741
99073
190055
287897
19691
234579
100233
99479
251334
288981
43546
174400
13654
183782
131719
178643
35049
88515
298071
299286
258599
204459
193348
135801
193650
52030
16605
219928
277261
90951
274934
274997
76102
247620
15077
286988
225564
256391
24724
12911
75766
157544
173755
65261
117781
15032
77727
188098
10107
33915
224959
76148
46807
285647
78449
99177
139858
13368
88240
7381
225641
33768
177910
27813
57618
45698
35453
44477
224672
250540
166710
116483
15540
101523
277159
177404
193747
27311
207814
27769
297446
172157
21405
155670
248590
51498
170190
180691
293614
133935
277297
297650
12593
225635
295927
13109
207604
224353
190969
219834
24417
296534
168794
224604
116344
287529
203868
34392
116234
269506
15444
83480
35239
134962
296119
16680
74942
148377
85372
270597
46950
99236
265256
299870
180558
203847
277243
14545
224454
47850
35331
13379
104026
159411
193686
42121
114857
81290
75626
121703
181998
239050
137607
174408
222230
292341
148532
211528
168410
120856
275809
253955
19206
195267
2403
124407
198704
283758
12024
12795
91944
260298
52898
225075
247983
13644
208306
145891
272865
220679
213565
220297
13895
224689
56547
224983
100007
124294
219952
254954
24794
101977
14504
224684
74954
705
225172
143293
1134
64754
261846
14658
34511
67869
34494
234597
225044
23225
8319
14549
247588
73868
85040
22855
224466
224336
294754
299433
82637
291146
277151
168803
20681
254603
225692
224491
227003
168433
97715
12481
24714
151980
204610
97078
74889
224499
234148
19632
34886
158136
46817
277251
119978
108156
221119
165167
214272
261884
83001
4233
46932
220599
223289
197352
220258
109344
210189
291241
90036
64717
185077
33341
52306
138850
111990
47599
202968
207188
19694
168412
247918
9508
199269
24774
203768
85402
90955
220505
13395
297662
183710
204595
140354
127126
291238
274708
12943
203766
197319
224777
213618
51149
203886
266194
276352
225018
224813
110766
98974
224455
296122
220262
270127
225078
294749
262000
284570
59583
270563
19706
34731
263725
34617
47153
76142
190916
286613
205260
13409
13846
120894
120838
207972
10109
281122
80732
216327
220062
35136
256384
49176
71766
47222
203878
183770
199934
27589
7389
203805
160547
105549
224265
206762
12631
220176
144417
255260
31634
65867
139534
75641
66489
236475
225698
171911
168456
277513
169206
190920
242755
112756
92441
55460
195803
206313
25675
21518
298070
41869
14709
183850
7827
34387
89787
221156
42400
35070
24415
41872
131016
19768
12788
24812
76834
69377
13942
89463
286927
207954
25721
216326
34476
34568
249757
14062
24758
249201
177612
91072
162689
13380
297406
185657
93432
22892
47848
117193
286720
30059
96396
162148
59305
721
63703
207181
33777
4418
4345
13388
34639
51507
180051
121107
280000
259016
118421
195034
280987
295621
224401
12240
247869
31656
177076
134306
139541
261095
170034
257624
133924
246320
224388
261355
65224
150380
124293
81637
199967
228819
224822
297596
27385
216616
221490
265940
36736
203833
35333
52137
207951
99752
180519
17479
220285
216928
268852
248216
182662
299362
11631
42963
246219
131587
30112
224710
34369
254619
212360
206899
119587
233111
82553
265540
122204
286854
28872
172807
66857
121649
89642
206698
256376
203861
101437
263822
104770
12590
247586
224898
124369
15266
214278
225073
269716
270573
15334
9502
47150
213692
30107
224638
246381
33276
12953
109161
174380
281250
277265
224355
95979
104728
10769
65255
249614
202948
144487
256393
13606
133988
198199
47597
117789
189306
282659
30091
120702
239594
177861
82211
257561
254612
225057
203873
30244
224801
35043
239040
203481
93433
116850
248156
285910
192602
277127
207813
12480
200165
56978
260106
90948
267562
177119
27786
209593
121686
220023
224582
143555
220820
221542
298244
253702
199970
379
260283
230775
225094
47765
273376
248586
238864
64500
722
203793
99428
213598
224359
259257
223244
160841
13750
20208
22864
277170
275278
170154
234817
131277
190774
66864
224939
298248
281177
286921
129697
191371
276038
232476
15349
108876
24420
22878
50583
81576
162360
124339
190708
15671
34603
46070
181810
75039
191235
38308
39945
19940
188351
120170
226751
35044
14066
36726
261876
24449
58655
21312
281007
113928
222159
207811
151558
97865
34259
239576
249226
270270
7819
298253
21707
121157
224435
207602
73834
203811
22695
114859
298398
34713
17768
190729
34419
121925
162158
35526
205011
25130
256386
99121
193356
65819
19628
27369
29510
201678
24793
286649
258730
246217
231780
47388
168452
213652
180634
116604
264907
13273
120700
84775
24811
231627
224471
286710
11
67605
274948
225664
215505
191368
199884
255009
213597
83481
150462
174397
71215
246195
36372
77771
14726
248047
94354
94871
85360
179304
201754
250462
116936
33190
260272
121069
286901
91715
186217
117813
225640
239298
227000
12336
189300
138096
248041
281246
160797
199274
155776
19755
188759
182036
166108
38325
108151
14259
199935
91410
221356
286780
103539
224826
224821
21206
178522
205655
207976
248183
277137
185667
224396
34381
198732
43321
220150
190778
82469
21104
204635
193460
231718
74918
99046
272122
133425
130848
76261
27419
278773
121520
77080
24257
249880
30341
14318
125137
145900
299370
295623
248643
34468
206681
47225
266083
225643
189984
152517
181949
235466
224294
10739
168290
150457
77406
295239
30172
28263
201674
12507
172120
283583
246674
56847
49854
246376
77611
257551
180539
121813
224913
44755
245983
193780
224456
12595
238841
5103
207975
236411
133930
13117
224320
173874
114884
193459
10564
24424
239032
285627
177645
223240
75764
121823
235731
77666
239271
170203
190702
246216
286858
31612
177615
82737
73870
66548
284909
85046
288991
296365
224283
203105
79649
177114
247913
249303
100650
273390
189956
98267
275772
10939
96411
65256
299805
205114
131063
220102
20239
19679
99143
245992
203813
31964
16165
160798
298760
220852
144303
720
206706
255733
225064
199914
200157
15341
275785
14806
291376
97418
35241
224845
239197
84588
285315
37103
174402
224911
255829
118419
225101
17766
201624
120268
68367
290772
139548
228571
279415
34557
244671
207968
51520
628
225158
216765
204951
235081
298256
239048
272259
118814
46410
14732
224317
65815
183361
29461
233855
19623
65761
270140
116433
34909
224795
49172
101368
170257
20446
281138
239132
150382
200141
73759
105711
29301
103657
189290
200178
123735
20314
224719
280396
30237
33191
296115
224429
152025
246120
287854
216625
96373
15100
289689
95954
225102
244664
19896
75763
295041
28870
17105
31936
267771
257545
30084
220283
213698
190925
207913
96672
33130
122402
285619
177121
218122
186187
94380
219988
205649
74957
28885
272847
220096
211555
127551
30318
34908
298695
270137
230911
124395
224532
20428
115643
13035
31544
186221
85188
218872
14453
183853
206976
223358
286843
152134
191395
50581
275883
62789
248248
228561
188133
98971
236395
13869
183678
46445
186062
17969
260290
28035
123484
123615
224944
179695
64817
285620
237573
15952
118425
97822
211725
256032
248017
18206
4420
106593
224764
14506
258443
126575
12872
149119
67609
270266
124301
191328
224786
16229
74333
34638
261603
242049
260351
299808
185671
120211
299339
130984
23195
224462
150739
247719
283723
247951
121420
34890
224872
297530
225121
105285
27812
74368
110601
250631
116616
117526
188581
168787
99142
106564
224763
157132
13665
217957
161454
15502
294745
229578
110628
178808
207815
124317
34939
256398
27802
207988
289093
131118
203824
106323
152512
32836
165717
15049
190704
225167
210322
177406
120686
76886
119531
211544
33170
50580
96038
381
121262
28022
170296
33961
250255
207875
139995
268138
91432
103364
155666
96365
133986
193746
151831
113916
190025
13369
202977
83337
177070
160803
125361
257629
163099
66284
30765
23710
13936
220582
101426
295705
34932
193749
111871
77478
180529
199913
225082
71875
260887
211554
23349
225371
177029
224530
96422
224852
264771
83482
34688
260377
12321
94138
77696
225656
205016
81263
248119
47939
12528
13186
114601
234553
30062
286942
59310
263734
13593
89981
61504
286923
168786
287893
200111
172818
61816
272222
99527
225107
16311
266175
223296
261905
249294
104539
225028
11928
200065
250371
220263
71730
270768
277502
190943
200146
190697
214193
264208
62796
7412
231793
190401
259453
94917
121040
201673
246252
82472
224485
19752
190728
13653
116924
56579
43122
193343
169168
180505
292095
224811
224778
193835
117126
98984
160815
168417
224380
46987
180170
270427
12974
30300
187545
12632
148356
49582
275788
195269
226755
119673
298472
89224
188999
239074
183707
289110
12709
151829
256368
2918
14428
189959
90961
203814
239610
275813
89726
265922
273684
12334
264898
287087
256210
121342
145873
97718
129289
145867
156205
77776
285901
13188
122088
139845
127554
180513
101453
234593
125366
12284
239444
224818
56838
276991
122351
274936
12522
192689
139538
229421
224729
207776
183705
137596
297518
122210
137865
74872
97954
270599
34634
19692
230772
12910
83004
31623
35105
59537
222264
248208
224437
178997
276594
89508
228562
13659
177026
236618
112003
224797
281507
34426
177073
95799
121102
261888
68364
111785
134677
207946
286839
50560
16215
207982
295290
24394
19761
46694
32724
277146
191229
284997
34432
67823
287888
233854
275872
37794
294756
8581
112041
280735
199947
281056
232013
277241
27211
12884
45156
106262
266688
224356
43532
231803
113921
249200
133785
118465
100154
69376
85329
31607
46695
1480
82538
216958
250352
204140
181543
162055
261029
168439
220677
52305
161480
19346
241749
33679
286897
224531
124325
290444
204014
203183
224285
103723
62786
183750
297059
99518
14527
34478
227009
185501
94426
127473
248205
186223
25832
286867
275786
122101
275790
298223
233856
193645
291244
30185
13615
100598
56884
85039
177990
185505
129729
191108
124363
175542
125349
58957
213210
224633
28879
169044
9016
274520
190801
296124
4168
177111
21060
109156
214881
176865
380
205239
24814
224717
177108
225084
14590
91628
214348
74926
202984
13135
297525
224469
127423
121222
34434
164269
88551
186180
115911
225025
246382
170331
225021
277339
255750
46696
192125
136877
270260
281114
142581
225384
224982
265754
224337
298076
13325
223241
225344
100167
150873
242020
289102
20043
34262
224934
127427
35371
207916
73519
297958
90947
121205
77608
164166
107515
250502
47299
121104
12914
129832
228940
191396
82740
42790
268148
265199
190905
104472
274969
183259
264767
158999
115652
11904
220171
46089
250837
250463
99025
39429
149542
211545
26925
207174
148047
35253
34391
34404
141596
116484
292311
104463
261882
13088
224613
119265
38667
119962
48132
25738
286776
281277
225032
122430
13097
247663
268224
193742
213213
224475
216695
244702
224418
113924
33376
47342
90825
287899
82493
65227
108313
231816
239399
45066
190700
25697
168454
272409
160832
247660
249215
80588
276360
192620
178569
28285
205371
248103
281102
22896
12052
288930
96429
90151
270237
216933
119965
89667
237948
277283
261151
224321
51500
162094
38176
78487
120584
88595
116937
85248
44758
691
259671
145171
190794
67828
117782
14771
133958
46441
121423
10226
24750
125362
225956
88969
204764
176862
254902
220667
225951
226996
152521
234588
121531
232011
297526
13799
241511
99028
225336
57781
85346
42128
44879
287919
218299
211811
151834
65802
259125
118304
280986
14068
34538
207812
177082
89243
224506
19921
99172
15447
248646
24426
8716
116542
20187
170288
112465
283400
77775
236464
191228
35604
201218
12908
11932
193778
257628
224686
287
170285
62056
270143
47997
47669
160827
13423
51488
168443
289961
160559
14433
27089
69381
9380
34951
207964
74947
236359
114160
12575
193598
99104
170821
294648
139553
90935
238865
72348
60138
296586
202982
1307
188568
46698
183754
202961
168289
206772
131750
40419
112473
193357
296035
204988
64807
211548
180511
14274
274987
114495
183714
224766
103892
148382
65886
168419
200179
21103
185966
195632
15331
115912
168444
73756
34532
232293
99228
224288
74863
297506
188882
78279
220403
160824
297427
281275
250555
110922
225071
12012
145131
186185
255831
220586
225114
35446
24773
51139
277119
81261
212427
65649
272082
162062
177639
247639
216691
185651
150733
255691
10062
30183
128169
22768
191397
62791
156330
152029
30110
28311
236389
286696
216628
229230
268255
273688
286725
40246
291550
30063
101494
64519
220647
116488
284947
285951
99093
16098
188110
220687
82494
295238
231728
190720
19762
260285
85978
194952
13378
231630
224508
287889
174340
64593
203792
291237
190856
296338
216948
20572
118467
77704
143553
189003
177058
91610
168438
77651
47995
94334
139562
121589
73270
191831
78445
268205
285890
65918
212770
216944
47264
12017
219993
226896
51496
121466
191346
99809
103540
35077
136377
34922
246443
35457
99122
170324
283757
220135
192914
61506
225136
35033
166959
150668
289675
13785
211532
277290
239238
219850
224538
189307
129719
24743
296575
83573
94348
295151
83575
295147
260294
291567
62785
299294
10469
36159
239323
24400
124310
239384
150367
42788
127246
13597
122398
220127
294755
135851
206782
188134
48274
123220
206819
13357
281016
25858
237902
106602
275234
152568
205367
298397
50577
240511
265923
24723
88592
270567
80819
246301
277488
69333
281253
207967
200064
12266
158881
255595
203982
146893
12498
25753
214804
13791
226995
231805
297465
255364
25750
248140
174899
281127
239130
61515
89786
191238
120442
33195
13713
286665
124302
91307
250202
170314
279677
247568
24703
239276
94495
74943
299287
122277
124295
295249
250549
274979
213682
258410
231707
258064
244655
49270
77739
91613
202133
47078
196138
12578
59320
274954
225151
203776
12778
289113
233022
224794
12589
120649
60292
47895
15104
30070
249840
114856
34927
293
235042
33934
124316
35436
28882
229395
97946
143425
12403
278777
281158
161109
183696
24751
12119
204302
292351
95774
64729
123729
295264
254233
224888
91402
32138
73757
163858
224641
277307
120739
99039
12559
199270
55457
157130
74922
271419
7391
268054
275757
256148
145886
76905
156331
162028
178556
120689
59318
14789
12964
166900
170346
273451
160817
278234
200183
10119
44455
97259
237908
71226
248273
107328
193769
34531
278338
221488
172232
213151
216729
247679
180508
275204
185736
100236
180729
97260
64992
278872
244672
200087
11871
123736
95593
275795
80595
225150
77751
283663
275801
46537
283387
273420
267269
59335
254932
9310
11855
114879
152087
79636
35188
72907
106267
14112
297585
47300
290002
27233
191379
13449
13978
256250
69330
256254
111833
101813
284910
73832
12470
251115
151373
30182
268237
220775
224445
254604
57782
100445
121688
13072
297523
248270
14794
52894
225159
82587
275782
294741
121642
19777
59346
257221
224518
224740
138149
170145
168233
236434
168434
25720
85361
23162
131770
200061
34715
116544
220851
82192
28883
249701
224685
239137
51159
15333
211523
170119
55104
133795
122400
162134
81616
36161
52136
125367
40105
152149
177071
135385
188735
121428
74164
116948
286968
225645
281222
94335
214145
283418
277082
247603
196739
224695
201630
221702
24749
201747
201628
59336
145875
211535
36165
14663
89806
170291
295237
94487
197344
117127
64471
12610
283691
264836
60409
8320
63228
162059
82554
133427
92897
216971
199994
10523
188372
37356
260321
13817
121677
234598
120908
38743
21214
19705
148378
245148
11930
229009
57777
247607
145866
224893
259034
268259
212888
228920
84589
190848
25733
236602
224742
36942
97869
82640
139841
141052
255171
118422
253708
34564
170150
236609
245979
21406
225080
31556
219815
80692
260558
268266
14364
278765
226994
13552
28112
12493
287918
12663
12684
25784
231614
162065
47755
146368
267634
297316
11737
225173
250627
181889
295915
14110
183744
115368
270571
241512
74989
14366
96727
168806
77653
37611
135912
15618
51501
78302
160794
293615
174347
20112
226653
297944
257428
240534
14291
89161
299454
66861
205133
239118
94400
50541
13933
224349
151835
116929
162136
207817
235734
234146
180535
13796
274996
220105
177149
15500
207992
189310
224243
20995
30019
202503
170254
248162
215991
14520
14096
69358
112681
105940
170194
31564
286759
105554
120553
36136
288290
225047
253706
10488
275215
67585
249291
106824
122485
200071
35429
66199
200112
33940
299320
103793
104732
289098
169166
33123
289107
276356
56879
131358
294776
247546
127537
116933
104000
160852
202962
46598
96392
256050
119370
170357
194949
228534
162079
270256
248564
55722
216966
76835
191227
22877
172085
24416
224668
35139
24819
230569
257575
235729
122404
189968
294982
64865
85850
150421
287329
281280
256816
21147
168426
30072
42397
183857
166781
121112
24716
71186
56901
41109
1132
74859
266205
191385
137851
277152
124402
286737
21416
225380
204713
190831
150460
98999
35548
24061
264854
266238
289105
160790
180544
196534
94327
202991
811
24798
178550
122244
13862
69463
58038
46631
12913
74899
296014
203837
109298
4331
183667
34422
193648
177173
281257
272112
116800
35431
13867
286940
105284
246389
248916
69344
183698
12129
277143
15431
140549
100384
295148
97375
89242
249781
47384
160834
225531
34910
183706
190093
160828
224759
25654
286684
207917
216960
228929
50190
87982
154614
207965
216973
299499
255957
166880
225637
34670
265257
12324
106826
181844
174413
108448
151377
80584
183194
47600
99154
100983
34573
220202
101532
298368
158221
224368
190946
34399
247828
298242
168416
220710
152129
277352
13532
25781
119264
260300
121784
137864
224425
202976
15473
213551
224457
275816
24710
112680
274932
35370
48126
170131
46442
129120
174517
140584
272111
78293
160830
19758
222537
13591
174523
12032
117817
200161
85369
65249
258715
220345
14026
99007
198542
228535
125548
8861
264791
224654
7826
73883
250557
249255
104470
121476
35927
295961
147078
206629
89785
47434
160792
13110
277148
120497
242754
91619
190719
234819
228364
28042
34417
170121
192955
224809
133167
96444
287900
197315
227430
202958
112146
80680
174385
48597
13462
224607
144485
13053
134680
224820
7396
65200
260101
277311
281169
124366
45042
82733
163860
64574
225148
34667
13863
162117
190735
4323
90934
20259
245607
13187
224810
193543
226790
248559
117797
124322
35525
191437
113930
296451
185604
203852
119772
231438
170237
201675
145882
59572
35530
220538
96028
192721
228686
148257
158603
100281
256864
183745
272457
220761
286915
168437
124279
13603
206974
73752
195272
33203
172223
13473
137177
228568
207885
97731
25731
145913
294710
74965
13207
249264
224608
225132
46064
256275
88906
139850
299482
115742
240532
180549
294132
274961
124396
31064
95893
152516
21032
206975
58828
120704
285548
286721
77656
281185
34726
236622
35145
11924
234578
47360
13572
265149
34519
162086
254122
2089
4301
257429
266641
265919
106522
74955
34428
286914
148518
201166
207914
35193
112524
258409
236390
82515
258688
64976
234590
173877
224331
296015
55673
264760
285782
19167
21439
30317
299506
17871
281020
14211
255998
298394
12747
55069
170258
177061
96724
139539
13964
64981
56881
284908
295889
224385
174345
207717
34418
228998
226774
66863
252685
234143
203826
220018
29504
168415
261755
85436
11973
229739
264869
142424
265738
101549
77831
224497
201649
229877
286822
193782
13038
15354
73000
20441
158173
82604
13607
76395
120528
80180
265921
295208
14254
220834
46829
284919
91398
160682
118398
297521
27207
200074
29318
24813
35593
25673
281455
81583
224696
255802
248050
13113
158036
94429
295178
34181
191225
204447
19928
225049
101438
220315
283572
220863
138290
113925
206978
27430
225050
220693
276382
121116
4334
12261
229278
13913
295269
213580
58110
200056
106890
174404
77782
112764
284930
170361
205377
131675
160831
240509
13083
183858
162042
255790
121258
64979
257566
286456
190924
174366
191310
224659
177084
33935
176876
20627
64606
226893
224407
183751
89807
203765
185670
127536
135927
138095
247703
43553
112774
188903
264857
235377
280996
180543
59332
152507
275911
180525
246363
168785
221072
13667
181569
220241
289989
170350
216929
183191
170081
225588
28886
153171
150736
19737
143298
64459
8580
275791
22882
257540
107616
181825
12918
248122
120530
248908
209054
178634
259018
185075
94121
20573
291479
224309
278157
201169
185096
12687
277263
75018
224701
177042
41870
35128
291457
224264
289096
49609
200114
224843
42386
101503
128320
163667
224803
191389
67815
12917
161477
277329
168997
296612
193652
155480
14207
60816
35511
13420
265145
277163
252437
58656
263935
117807
25635
101516
47261
297428
33
184422
285387
221553
270603
247729
14493
235736
247609
228915
260643
250652
211552
225663
174367
134535
35509
270470
195392
38179
180521
256401
247989
268037
170261
131745
181285
34388
13798
64718
14247
35490
121556
101578
77781
232862
172246
31554
204704
224914
13029
105002
12929
175536
13583
285547
239229
135945
13032
224481
257630
174412
286701
191331
183727
591
100539
19693
224332
193743
224854
57204
236613
15177
248106
104961
74499
12232
236468
177030
220483
31626
220116
162139
170303
100113
27943
11854
20445
13209
134673
256383
247115
12866
224360
34522
168790
248123
206979
117294
289084
202973
74934
217894
247699
20048
233861
24752
149161
192921
122361
4348
204061
101544
206671
80973
217175
13181
242053
124393
155593
277396
193726
82556
256392
224452
22697
201183
169172
90945
170107
183197
692
247945
170255
260284
12482
11920
298069
287907
12700
14481
74193
265511
34497
47305
124191
94427
12286
285389
39160
145877
286874
281148
216795
201168
224453
261908
185363
31608
77676
286670
82555
99083
121623
30212
134799
217073
189965
256403
170245
199275
145226
82514
19929
49588
160847
274986
30224
76109
13141
286991
98626
34394
52341
234618
67700
121455
240552
169164
226789
177122
21181
220288
248102
33104
168848
220227
270480
224938
126186
46408
95890
239376
94463
34584
231801
38995
10199
15541
221481
234825
104113
206656
275917
268843
248185
191324
101483
298222
20231
17482
177027
19911
224670
205643
183739
294738
191457
23716
47749
205376
35255
220678
12449
279668
190676
80041
74517
160838
34931
224989
13893
296611
59312
105269
180548
67821
205211
169068
283682
162695
99234
116926
228706
65845
260369
205215
224908
199807
75097
277157
60717
112203
174342
193687
14909
46456
213691
239447
296969
30517
200143
162048
129834
285564
51903
14630
91041
238796
121513
11940
228815
145914
108330
12475
190926
295254
60415
11908
177053
63246
131654
139575
49173
224878
67817
116939
188014
145898
183715
85542
47303
207132
178942
224581
150670
19773
120764
121728
156332
34513
64721
65813
224752
261150
283662
272868
82605
99090
124930
120082
13402
205365
94415
141447
201729
23718
153881
106565
224863
23713
20241
277492
223324
293612
180506
11743
77780
273691
4312
45261
231642
224416
291451
283677
4294
248605
160826
224606
180524
106064
123973
52264
117125
34384
221653
258195
196849
180620
85048
99056
13859
38331
166903
276442
198983
170026
89664
52407
224400
294659
14783
137173
64620
224884
257454
183757
12472
150671
220524
121924
34074
150381
176954
77687
248096
85278
82732
170024
102171
34483
131055
29368
17971
77612
83003
283674
277125
297539
281021
173878
65854
292318
50742
289690
107450
13455
15499
220166
258636
15329
174348
124306
12762
183786
286774
124309
203866
219861
46814
201631
286820
269745
224616
256117
213678
77131
45260
232429
164164
270953
248834
63853
225045
145883
206733
149536
12945
98553
250206
40417
74180
99152
121986
193695
104048
65974
47668
47223
61201
190796
97842
211423
92951
261031
103950
228699
216953
35242
203841
99223
14769
13105
277131
234401
123730
207177
91622
20982
30306
200113
197376
280924
195390
250604
298240
45266
175548
268984
170020
298474
246085
94130
198007
143291
4309
239535
183769
35228
197974
244673
35249
76371
96771
33004
286821
258611
47446
10111
9503
75678
157844
170300
295752
77654
27503
277270
190868
108153
145887
49508
239185
16309
31558
294172
1136
170297
252740
187902
199997
128277
120621
250615
31562
232507
10992
239581
33610
286904
84495
13206
160567
177055
213686
203887
239212
141674
15099
31611
224951
23717
239314
105965
287926
13646
159751
177038
224933
223954
94481
13590
251359
7402
12868
227016
95586
176961
35133
224922
4343
152172
94323
225020
64985
94494
15878
99136
235732
112523
102631
248627
102595
114548
206769
255742
225058
66622
274957
203797
83002
162099
247836
196591
133261
283581
224967
10933
177590
34625
139853
46815
165718
215495
79447
73615
59317
122276
193689
124330
24805
248084
278121
256395
248907
256854
4300
102875
250466
180498
99069
28293
168838
228529
104727
162130
73432
188359
200145
286650
277509
203770
50554
256488
1123
224868
103554
265753
12133
95578
186184
293618
33223
13658
19698
224971
188781
129732
27127
244129
35252
197342
35251
220103
143292
1122
281209
225661
200182
23709
139536
203806
95752
199885
287367
94133
76651
170360
203820
29489
128168
105513
295247
270429
281267
193542
14882
277253
120893
28111
205386
277238
228931
220081
292310
13133
148248
224464
24784
101831
47032
82743
55475
60149
252959
223359
224916
155662
256868
64742
170336
200173
114861
228698
239498
81641
180739
51160
248075
224876
13082
82734
95779
263934
13269
149120
14488
294733
202998
24709
255121
82588
161475
191231
45721
180747
13422
259121
299315
13705
121359
169243
211547
1311
266636
162159
21465
162109
111549
155592
109183
13453
140230
35499
5659
130515
228691
216957
224468
277288
245981
279414
248083
160796
52189
219835
112788
170123
53017
139537
4319
177405
193107
163859
192582
108882
224899
101498
82741
200875
33926
256382
229575
130881
217970
83572
197417
124194
12617
201752
36101
110987
133927
158992
295285
157193
239598
112143
50579
254621
74910
100212
247716
101507
225594
225391
180692
60709
255529
151833
193784
190903
173947
226872
152382
251446
73999
287794
7411
124374
51131
203875
193103
224492
26981
257837
190693
213609
4304
195693
131809
76341
266658
111859
27312
89788
171922
16257
213314
200062
117736
252467
281570
211524
193457
60402
151557
239628
224645
69382
224502
24801
74948
214351
277245
268247
13730
34614
247970
101455
85325
183725
266107
31551
160560
88520
34609
224599
109160
15133
121268
117799
188866
133794
77691
77681
124386
183859
219995
132600
224472
13854
242026
296491
190671
272621
277324
114594
297493
43547
239343
30239
190956
220682
248031
7822
252974
250614
286782
200159
51132
19756
277234
204761
488
224880
127540
203859
131054
34577
65325
27088
84059
224850
145869
210197
14809
153124
157134
13763
170714
211527
91616
12572
216964
47298
21152
215151
248612
259454
274968
8584
266247
12331
297052
46084
281236
284411
30240
99164
224829
264795
295935
260979
205273
224442
279578
224553
13403
174647
170077
12761
101199
198700
12971
248621
121658
228537
105151
259032
239534
77707
291077
297011
122275
39486
224329
217956
234820
292343
171938
119026
202999
85288
116069
193112
1131
35127
287742
214926
180520
273735
220836
83289
29704
52338
47433
203888
103663
56936
192615
31613
220118
38898
20844
171979
268215
133882
67704
4333
224295
277481
160846
170289
14154
220158
33721
30299
231789
190938
239626
156679
13460
254299
202980
221070
274522
249346
297663
121050
170329
213585
160551
201167
220753
255238
140990
82208
91400
216956
274998
168801
224805
231571
158203
69744
33063
60627
247739
119163
77701
191226
162049
183848
120000
188779
34940
224260
199936
132722
170282
76147
46259
278826
183753
299290
225655
279416
218878
246449
253628
225129
74886
103227
249203
203294
286777
13566
292304
34575
82185
47826
170078
99016
16987
12903
13622
168435
281407
129726
191053
193169
298233
176882
115379
109297
14733
261875
213802
297447
273687
46999
95453
266563
239237
30293
13108
209515
33120
4344
28988
10121
169535
276044
105298
53158
199993
193595
8859
220698
67601
255123
51490
90991
170124
239285
170351
169165
287884
240535
197321
95889
24735
117343
12010
35240
35447
12760
118115
114852
225053
221470
65622
178511
94411
104958
118818
65856
276990
151555
283878
117790
95830
291311
112575
297484
202971
224776
34558
12561
58232
113923
295259
162135
298050
284431
117796
220384
12967
247835
74879
190724
66000
20068
172119
205362
19740
83291
48084
65851
139559
227004
134758
190740
49254
47956
47671
160683
224723
52662
224671
225569
13418
47390
207978
16427
99594
65852
113922
13348
14510
193347
149840
12703
104729
193713
193974
185674
213705
109299
151837
266509
51124
56119
224727
257550
96691
224574
72607
51487
229239
207185
34070
268245
78224
247613
101489
203816
248012
20430
279532
205302
134284
27991
215144
75004
238858
105974
116796
183265
247626
297566
82590
18809
190731
89013
281495
204332
286876
236601
30154
202995
168429
274956
56644
117788
89488
247843
188261
12804
18095
248121
13087
24754
77680
145918
170276
266257
117135
167422
220108
251196
182773
13781
281101
21059
266665
7375
207955
190455
12984
250376
34945
5594
12563
103083
13360
248581
107850
13386
186182
272304
146894
236621
200135
98014
258600
40145
100374
224891
124428
47827
225176
142675
286680
47146
129780
67099
86991
14089
19394
161479
203853
274973
33725
171809
13199
12776
77613
173871
267561
96157
236782
200068
224556
173754
77665
134470
152133
13655
264909
170073
298853
64607
61986
170054
224458
60410
297528
287005
248043
208643
226772
158174
254618
286758
88147
183752
47779
134550
65318
75761
248628
154465
239058
277139
200115
54924
180522
52297
12912
19939
190904
147979
100813
48128
281438
242935
224430
134957
56921
133878
224928
20233
134674
22863
168805
138293
170315
89377
82601
225164
201164
5956
240539
283661
160821
256593
162157
5100
224927
149094
25739
293552
14294
36641
236467
145871
75876
15056
273695
10105
47972
23
106109
152086
289678
172263
101436
193729
236470
193458
109544
278761
103194
287011
170243
35437
19963
24719
82606
145214
53356
16231
95867
14860
51526
192695
272236
34621
58956
296117
12474
35151
180526
172644
74873
53268
121259
20628
63302
203795
275799
287894
173879
23711
297660
126031
184944
191244
215387
286934
56861
12270
124287
7379
26409
24713
285638
180527
263257
77650
132534
250586
17972
58259
169742
226112
223401
278823
60398
57196
120718
277244
284925
144418
89941
5096
294675
183263
696
184759
64618
16207
255422
46074
65287
96728
23237
48076
13489
45700
30087
82739
193286
23518
224436
256390
286972
110754
22870
47391
250606
90896
14300
294748
226799
47389
9856
239244
34679
212980
176530
45161
178568
13780
250385
5102
264912
188118
135136
17493
80195
173945
270479
230778
265972
10058
116934
55462
246377
27904
126451
15557
255355
80182
14331
14869
285585
47444
132533
202058
15967
19776
99075
200169
27326
121643
14528
64743
60958
80142
247885
236643
7
19490
64816
13594
14906
224493
288990
151860
170286
225345
207187
15605
268265
273690
297541
174383
174399
193751
94132
183192
274975
255356
224681
266223
286617
225135
281025
201633
176861
201684
103662
14475
138291
33115
203301
28874
169914
15137
204460
34888
250543
172650
24711
101970
88149
47767
270445
240477
52346
203170
31555
207953
192688
12602
282232
266209
13883
122087
190967
25658
12955
150377
24778
176949
224363
289643
109619
24792
59344
67827
238917
190780
279420
13364
239394
30106
224796
220170
14738
168430
220835
130217
264762
30012
28333
211449
19753
21100
1944
297049
239201
211307
35433
8558
254602
34916
250467
64461
203796
247672
255100
266643
160805
99059
186189
274967
13376
277328
231940
225127
218298
174357
106918
120658
30250
225642
274521
74982
190081
192595
224512
178198
291586
120112
34896
64271
248202
220161
294743
178573
96004
34887
191288
23714
83336
33324
261878
134798
24802
52276
133914
139531
225340
224678
275898
235698
203000
248570
257441
256863
34424
83494
13666
176586
102977
4327
225111
234149
224743
30328
255530
119511
276346
34506
257753
51150
51485
195231
224739
30120
190830
225674
37612
239541
61514
239529
249196
4306
231828
228818
81484
27678
255053
45914
211429
64983
177115
58344
7408
180712
28003
295947
120123
296724
213577
12571
288945
121122
242764
275888
218921
116232
116307
221493
34563
24705
237909
98034
190912
46090
36168
12756
289109
12977
99092
286855
106195
47830
74969
13185
197313
245939
203854
225561
211777
10065
34257
182593
211543
260277
124364
248276
293627
177045
248588
27526
99032
143422
177047
202996
274990
206774
278156
27789
139546
12758
56899
89790
158277
245645
257342
178554
47262
65950
15103
199878
236501
188093
247978
256273
35160
202979
74874
220402
27551
239348
266646
174373
155676
279531
134285
165688
203822
224589
34687
191239
285998
273705
297655
278158
174403
170313
13559
163465
230771
33501
177658
13595
83579
173762
156898
102459
124357
129730
1309
34628
27784
110602
85050
26982
278200
12973
24770
102159
47750
277401
12934
286846
200172
49052
77682
228799
95374
116956
134683
25660
207619
181854
101518
81106
112763
203885
225441
246153
195381
278160
213606
273683
286950
56863
188313
103129
93886
236624
127555
205213
19744
240441
105291
91311
14097
103301
224535
234846
297565
217561
34734
255639
1197
297645
224328
104523
95914
297567
78067
13756
20236
278782
21772
236620
258427
207991
118397
260328
118824
82940
25786
292
296081
55437
124286
71550
267563
208292
224823
96479
247851
222916
61491
46599
64688
149841
258339
51486
281216
74451
224566
228563
8851
25793
38180
153775
213022
227011
42258
120582
208641
90058
21362
14529
26435
160561
117293
270562
224769
14095
76168
248554
112045
19932
121559
205645
27171
168291
14329
50540
125351
266199
293756
150672
47892
275770
247845
225140
222871
224709
186225
36096
18940
162057
260307
91617
224770
101443
89794
101449
14427
117140
117289
176871
256389
243556
22901
234037
130726
12956
528
162072
289673
207923
180512
96420
189972
255532
239104
98278
201578
82495
225590
228840
191384
149226
134738
260383
168428
120618
228533
172805
276395
253735
110454
100588
103082
260310
260557
277116
220378
161476
22295
89085
234829
204463
279669
124337
67699
20234
106556
200063
131764
124277
240545
44757
75033
297488
30136
14480
77630
276465
103123
189961
108261
249251
108903
224906
180509
24740
297777
177044
16703
288946
172220
34630
253355
265941
241526
174377
248558
67778
30119
258623
214966
176959
74974
37882
223863
117335
278120
168998
145172
125549
220224
170293
261871
60407
124326
291193
13901
277400
15670
200184
247912
220303
261883
17487
264610
21158
270424
27587
224789
273661
27235
14736
24790
340
120398
221552
61341
279635
139569
297439
281463
213085
279674
64591
40437
38659
208291
88561
69550
191110
248101
251394
121446
182020
204402
249214
95715
47154
224447
22833
35213
246023
92035
269910
158222
193772
203783
206646
162131
225676
226786
213158
295719
205250
224484
30069
231986
277224
35041
39458
18927
84047
273707
117819
135148
29503
35500
118187
162359
82738
228786
27084
34064
192616
31633
256054
100501
117806
97972
53293
224712
285664
220078
276436
148249
94126
273377
101525
13777
13774
14155
19739
232386
193745
236623
91774
34452
24736
162067
185111
239494
290329
220506
249603
19704
23155
193353
131691
225689
32698
145174
291559
190679
174349
224370
14517
168418
247973
82585
297063
11485
75765
21176
299857
24329
170321
219750
224819
195944
228902
99158
64835
224261
77689
13537
235181
13630
188518
232784
50708
161474
220893
273682
238869
112475
75041
284389
135388
275363
35532
188547
95936
49168
90632
190966
200170
119935
52896
274972
150674
299466
16698
24756
47707
285416
248639
299381
13719
46931
190755
224618
228841
247612
298277
150378
23094
47532
34508
122196
286966
131364
38181
34632
248385
200069
295707
272118
270072
14036
216959
199960
198904
82663
197806
188135
277323
191390
5098
248566
250588
68317
232158
133982
177046
200155
90965
189654
121257
191366
195035
7370
27214
281808
224375
201177
66029
273704
36381
246022
188881
225660
67752
65275
67513
224467
24782
203844
13096
229366
224394
274963
276344
112464
160822
281097
297545
12401
148342
220622
106187
24797
256400
94410
151653
281215
25365
33726
259124
260317
34461
211519
228965
224318
269719
121927
211541
247544
101521
95870
191459
108433
224867
298224
124359
23715
193752
100714
191378
232364
297652
224919
248044
286661
14764
268850
293101
259455
185658
274991
99000
22846
127418
277158
265792
207777
21188
207183
122407
291582
101444
10227
209053
239442
220658
117804
264915
27276
34672
155775
192920
129296
147259
193827
71659
225657
277080
271494
100573
219991
94475
203773
42045
248614
27204
182660
193141
127422
205294
213681
280727
65630
10050
15598
202978
255005
123732
257539
92160
258596
60400
200175
139558
112765
38934
10118
220128
105785
203724
140353
82603
179873
186014
34377
125516
254597
12495
118360
30139
99992
121824
198510
190737
297690
135870
22761
13028
58764
294732
58958
287335
13737
82190
239373
188095
224575
224725
219889
283668
100025
205984
189979
150472
254611
183694
220583
225043
266621
117686
236397
76418
143295
284920
33275
145872
246055
220849
224561
82687
57205
124573
33124
22843
12253
112130
225652
75047
226907
291189
214349
224498
220871
16210
95777
52310
226904
238881
13967
101423
164023
224568
128179
299363
106830
180735
239250
132591
12905
263892
280995
121800
213829
203782
56588
75008
94914
207915
226992
132661
298438
224935
19778
15470
237901
270932
178636
264841
220114
1941
252406
211526
97528
68672
64622
101537
142583
281210
236471
190911
13334
143297
280039
258593
190716
1024
207176
170097
15487
224956
268289
99098
292273
211522
181858
239213
110600
216970
139574
242495
235461
30332
220521
36169
299495
286848
105292
63214
203807
203828
116930
275808
17767
264763
220795
97907
170183
224423
12740
127553
35138
193602
259998
295161
248638
183347
193567
51128
248061
127541
117132
256370
112733
257473
234594
12542
246127
144416
266207
285639
174401
33277
276377
263917
131221
180556
34915
110618
256396
110599
140588
183683
4292
260299
240444
227022
82683
177095
59574
203872
286995
120341
9933
225083
244195
216775
35078
178549
99045
91721
33936
101446
95861
156329
284922
122206
12140
78054
116233
258632
104723
47994
258707
221603
31627
20708
31540
95747
78422
289904
21311
99123
283656
12237
99538
29973
275209
299406
294629
224964
13381
89088
220739
20577
248118
190815
135751
255419
24701
151381
28437
47667
248170
201751
178559
14581
147977
116928
9507
34942
286748
274988
27295
14248
225090
172646
224711
190805
247948
225089
224480
226114
74875
284395
170283
55721
177043
120048
68177
94127
244654
54985
236415
193910
217841
101513
164026
24741
226797
12255
20687
61042
34559
137174
287932
34462
173759
247840
90958
286320
203855
253788
198709
260380
247625
14615
172645
35167
200167
35123
259580
34691
22899
164719
152509
228975
224251
139854
226908
106191
713
12363
225031
255746
193725
73843
287788
174387
236466
229149
50551
273450
198697
55487
297667
160806
12566
225691
47030
299345
162037
183703
247641
224263
77745
114134
47829
104726
96770
247589
27762
21065
177050
110384
272458
297519
254030
18936
207947
225669
225100
34692
188811
221487
12969
224762
13245
133712
193647
224865
242671
281005
285631
224496
124319
156680
254616
247697
246111
220598
110768
77658
276391
4352
4441
258448
12510
14908
13365
201626
278096
204637
226777
64964
2896
281126
286997
150458
131678
276040
286750
272129
75621
74913
42711
203863
30184
24815
37880
207950
139542
85337
27210
281089
158995
99024
191388
247859
286694
224753
277279
20719
45275
250598
220934
56319
193589
230394
35168
97526
250541
47220
220366
88622
19207
264903
268295
33447
116606
64805
224314
121208
187790
210932
97951
220513
270431
111546
248196
10110
134672
61502
280973
100089
112201
106685
28434
42401
12238
277135
27989
176958
224324
187906
145224
228901
104869
104821
112785
28880
143720
203836
101526
101486
213236
260357
286728
108157
213695
274949
77699
148246
186216
14511
130856
58759
106825
51126
27763
266235
193145
119777
249202
526
91630
190793
99225
25785
52139
150366
170240
291156
14279
162361
85429
193734
201175
65848
160804
192724
65174
291584
20576
22472
117787
75038
95884
236605
286977
27169
239328
177626
191386
116310
251701
46816
78418
225668
296380
225546
298427
233859
78341
30020
149225
86262
132726
201627
66348
81574
98991
13349
52360
202993
262292
51902
292307
92721
27137
228912
224896
15328
285549
94417
225174
290776
200874
261036
203832
71217
65241
49490
248164
59580
204630
20715
36727
207745
159890
229266
97098
6
45262
2522
45268
10049
13649
63518
11910
13355
170327
99639
211565
13335
245612
138432
109347
124351
283424
230966
169357
220233
20113
110327
235463
113933
139856
284572
74895
35250
89665
13104
191398
42369
224446
249610
223365
258433
13361
61034
122085
13624
5961
28888
272869
248010
161962
24432
295263
135840
19908
225163
298686
149051
226757
99114
255362
203876
201599
78361
145870
25749
199973
124388
94131
202959
30301
286810
228986
58963
45356
260020
12648
91034
204634
248623
215226
12916
224322
94345
273617
103661
170118
237574
193452
162077
104724
124377
279670
200171
281085
287009
213601
277501
293611
37885
139840
286863
200156
162693
133084
265159
268264
22888
101533
224330
100322
23200
286719
198703
13625
150738
258602
295250
46863
145892
104489
64967
149282
193150
246287
62781
47344
255272
35046
224267
33469
225006
129724
297688
148383
45915
259673
224463
99362
250201
74540
180538
240540
276144
191380
220804
120715
38301
24361
123738
13794
121748
174496
223368
188191
229424
117802
25246
148259
231802
198710
205013
224343
193730
177085
287916
133036
82662
177395
196143
220830
13118
14153
266118
47706
277257
83495
183167
204552
249265
190850
124187
192622
286651
152128
103131
270297
124409
178545
105288
115419
190667
213558
13492
92943
227005
216937
121569
225567
174354
230776
245592
195804
121315
191107
220281
272370
238627
98572
97870
104454
170144
31160
30093
205648
239239
55813
124320
216930
190811
133842
189005
24772
277168
281059
224980
35435
200964
13119
296872
28037
35209
248560
239524
109486
195228
295852
157842
124297
111211
204763
298195
254634
284366
179800
98554
225362
101495
85332
189004
51518
248062
246364
224882
170272
256377
14917
219874
33274
77735
14047
15132
37883
103612
88804
264839
206233
85038
298254
76100
138431
150379
291549
152381
177081
36728
169248
14143
220217
68377
284416
202955
278162
34458
232486
12580
101823
298400
99148
65653
183746
97788
189958
13201
24430
170053
258434
220212
33365
260288
77661
96446
225658
226885
220438
274966
246396
51494
288943
111230
248438
61033
129835
205667
38310
13330
277219
235467
277300
86797
1271
231843
215405
84779
78295
160942
76247
272425
267639
149844
51502
56856
248169
80181
21178
58181
237951
53944
81692
200692
19738
19766
106751
60230
224658
160839
34604
82170
185500
47636
204446
248228
112047
287589
276443
20716
275758
10114
149050
124354
74900
285714
105282
120443
274974
58961
67530
74856
239590
98986
30261
286886
274942
99103
47894
248912
161482
139855
89874
207822
10057
35237
244656
131676
172212
47149
242753
133991
256394
101457
99144
21794
162026
224282
228846
176901
297527
177065
181956
162044
150461
236616
18934
34505
248193
200151
64982
20674
177393
12939
239548
258159
113708
266219
295948
185084
224345
64472
224827
13075
178565
168449
183728
297687
224666
129698
207685
21105
60216
18349
289095
190914
223327
162696
112783
220387
98967
203818
14786
231797
294742
261326
220694
13415
33931
51148
14434
13064
13787
139530
246135
281259
215988
152229
247855
224409
139568
225653
74931
205108
262004
217955
284410
116486
21466
140788
169167
112474
105270
108924
13721
234556
140271
219875
299435
217524
235687
226767
185073
48127
204758
224735
295967
94124
255725
47846
197325
299298
285298
60291
149848
244978
46095
19803
260381
285715
261877
126465
277230
224419
51130
247511
80587
34668
27790
111857
71618
64673
161106
214183
23181
172207
12122
45036
220482
35171
270238
297430
213576
260279
268272
75677
94459
170170
99750
276349
200070
281088
200144
219965
14024
25741
19633
121825
13405
239259
170111
59307
139862
204766
47304
14995
160820
218306
189309
224799
270379
120104
219919
175539
200148
140784
49489
94479
14525
105286
265255
291462
247662
205316
131756
35158
64499
256367
268851
120342
91614
145888
12115
295160
174364
191246
160680
120092
46812
211537
99079
236461
206719
102989
252739
19019
178541
76832
239898
30691
68384
224856
35248
79028
99004
162069
117137
252750
197981
238972
181278
101440
249301
297495
183670
33448
35238
177089
127420
56935
111856
195388
269481
273686
121578
12998
242492
235040
124291
105297
51503
88046
199904
256402
174352
284039
226781
32688
188981
168986
97860
250590
46597
102344
58098
226999
181572
137622
101828
74987
13267
82934
183195
21071
133824
145899
215652
165880
170162
52345
278163
250629
207775
213578
284508
21086
226800
285696
56908
98164
92772
96781
286981
23142
170116
203767
244647
4412
224541
89668
236603
250375
284409
247923
124342
225678
116652
106942
206631
133957
79645
12618
117393
174518
206980
220129
51481
56202
188347
250546
183666
96397
225644
10120
268240
174646
35150
207204
95888
170125
295520
124332
287730
253970
42384
25652
247698
297575
14877
201625
134090
192712
112608
215494
184753
173946
19170
226758
150384
19014
136075
216972
67637
174369
190935
55482
183720
33770
74403
106523
216932
156676
288997
148251
220231
14367
177016
64833
99110
188089
191452
51842
81592
136074
201728
99237
16702
194948
45355
193349
237896
202964
203482
170079
145234
180518
174359
248547
139857
86080
31321
48830
21106
224461
118427
227010
225636
102319
277136
96421
8249
34578
182177
19972
216941
203839
189973
170096
185605
224902
12127
16696
172283
298276
108165
99001
75671
248620
1130
219934
180111
275800
236873
279538
31543
249616
250067
193117
120024
16260
95790
12963
85351
28436
207973
103279
10053
101480
259126
232027
125053
172669
286659
260318
95922
148536
256381
60305
98547
136145
33114
105271
224533
101460
19377
95887
250553
42325
75625
225343
169474
46061
29488
13957
34936
272168
17771
288944
70470
29426
114756
98266
281476
520
226949
124299
211824
85349
181961
20065
289641
193177
91612
46069
100237
28359
220057
180993
13459
15815
205109
256385
225688
242276
225381
276471
67811
13757
191351
133791
34423
198547
225685
278764
261282
239049
275755
100589
25740
224791
68416
223260
277122
65222
25719
25728
216940
240171
59343
183673
277123
18824
178201
285889
97372
198737
255811
120534
295240
91618
51510
192605
221655
284415
96567
182343
286936
225095
139551
102598
82557
11921
15352
52343
224784
197982
284419
169915
253718
99042
99033
298679
12946
170147
170114
104741
297463
220713
224486
19089
82196
184773
14489
224426
50
239029
224277
190842
91070
38650
112282
256055
202956
193463
214270
38167
297602
246379
51523
149708
162084
239543
245608
104403
182544
260311
123991
197991
60401
80596
294744
249707
50855
22902
107362
207878
51506
31392
198702
249304
33182
124365
246378
223356
99155
204303
200750
112155
281276
286800
95862
276444
12235
150374
171920
28435
117040
114829
15101
56675
286845
223953
296095
10106
298403
181883
246982
48136
131688
75661
247120
246516
224505
140505
224756
50704
25752
35432
19707
82593
227014
212504
225166
226764
125152
35529
527
160835
276371
257286
275815
181568
69386
275887
194409
14495
14507
106182
134898
283386
131120
21033
285546
284918
80184
150387
33166
34641
277130
164940
47996
30338
105334
220017
188571
203780
174524
193685
271502
183190
82253
64809
139867
235086
273414
170025
299405
166902
188371
31539
181805
207160
224250
212385
220674
104730
85037
517
256289
160811
286895
99276
225687
102451
212793
60408
213584
124362
105274
104184
124355
248095
174516
34895
186220
236608
114850
285950
80501
121603
224640
239432
239478
283666
188469
234416
34414
25735
244668
160550
169917
21069
203791
277493
190386
281204
183665
285791
51144
88558
153391
77652
177624
178619
190319
190746
255305
88512
193564
281266
176868
188130
42043
198984
8586
20436
237265
12366
129261
21457
38153
225484
186190
248909
168427
68593
20440
224451
183169
64730
257389
77407
117124
276392
16518
174648
137450
136129
69336
180994
121191
239085
225649
193708
199271
116718
203771
234152
33278
281448
134343
35254
21326
179777
121169
110607
134681
18348
279587
160836
57778
75022
231848
97048
224879
82188
206654
266119
213653
15347
34598
137855
272337
211538
76928
97716
65864
56846
246121
206763
160138
226792
13599
260308
225646
229878
193709
89155
44451
224358
44783
197300
199972
286903
30055
268242
225556
201632
248021
278763
45851
203778
30200
46086
248637
32699
275889
121024
21085
111551
232070
103648
261926
48129
248150
45158
101538
64621
281010
202950
182341
117395
250653
24431
213230
56845
225000
184807
211258
20051
147026
220759
141616
117815
221491
224792
108166
1314
201636
47708
57779
12257
236456
70822
74961
170284
74996
249194
239651
268165
47448
24791
257890
45127
281058
96434
298197
273737
43567
91861
191332
98260
121450
103592
199977
33354
203120
288994
68324
247846
170177
174355
167166
204678
74883
112520
190064
67695
278784
20166
74195
199907
247664
178544
25761
170143
261406
139863
193907
131117
34720
16517
182028
167777
108130
277236
66357
177623
287896
25633
183777
205468
94038
288948
161481
67730
14808
49608
198701
247925
101344
128748
237899
225389
281459
225683
164168
289929
101543
73001
150239
134088
193164
116797
124289
189385
295181
195386
28149
220331
97556
239506
121331
264908
91611
239654
148375
286797
231664
14334
210959
168765
19736
116931
186181
247919
204606
134661
95460
34615
12664
281443
239510
155665
3614
280021
50566
13211
193649
39586
277302
268258
62787
59057
82923
22866
190744
279502
257329
268246
112647
20678
177080
297205
91623
31606
