123650
57774
291087
222875
27024
267661
35785
268110
168663
49140
152511
142776
58662
187939
77160
193948
72358
120041
198402
196752
160968
149649
120318
101700
23574
133004
43255
87673
189657
79893
284380
169496
213464
210289
255262
201754
273656
285958
156359
214086
103525
198570
212121
134512
202562
169114
211953
98844
194255
11162
135936
39745
87798
242751
99342
221838
151265
24205
55151
243481
220765
14395
5470
68313
218455
63517
18193
167334
229584
243412
28653
124975
35511
12730
191649
53556
246454
248696
164564
278007
240483
161469
248135
128404
235625
162290
48090
158081
128042
169826
181049
286069
33090
30498
188404
96904
24102
128410
133674
237702
170139
274369
245171
50717
283085
110763
262962
80659
249657
120438
19511
227815
179348
230521
161576
298922
238189
1148
213273
139389
275345
122670
53555
179118
13568
4391
196105
268380
207589
220270
162406
56562
163330
84934
61528
252664
35674
67111
209952
161314
67789
211570
240446
152636
72173
165792
54801
273572
247406
165015
182077
142249
232896
14244
219813
111527
28448
167826
101340
224986
203395
261455
283467
119710
262345
95841
293874
194245
37352
282908
292369
4504
71741
161383
199371
197807
130330
135035
47393
104688
266498
141963
214632
52635
284986
156057
74006
99102
291942
51067
84600
259916
206016
2715
105315
146747
29723
142614
107911
155469
261543
103568
166882
130233
234884
198852
16587
101231
238784
211762
21479
42658
259229
147415
191382
77464
166181
55131
2927
263262
69951
164859
152016
261175
36110
50881
161546
1352
98115
109183
237736
267565
215305
160625
204423
68181
17055
142230
174773
46670
165260
239512
211883
210760
25781
270051
125236
158763
47559
44240
229890
5625
16517
124199
30398
82437
129014
57373
204079
56139
69478
154003
239545
137819
232189
176063
60083
130654
287886
275686
18893
77107
119796
58913
163322
40046
123825
11568
29038
179387
109765
47680
224191
20887
223951
152344
227668
227086
190682
109260
177978
161498
187026
119879
27274
168151
116909
295083
192322
18310
209667
185307
287024
274983
85136
222534
118674
231324
251483
210471
169493
195724
153646
229707
83915
49629
7690
237489
163254
24893
297978
193303
32452
117618
42747
289311
247245
159263
163833
186413
237348
110790
149775
75281
77263
37865
123309
177484
222424
171634
236864
297286
35622
8612
102004
49715
238654
120515
25251
134526
165562
195142
205661
8786
236285
175912
176370
194688
228272
112675
64936
41677
96489
252331
654
31401
226955
104613
58997
67769
174623
26921
6660
125352
157169
281100
24134
106939
56830
267470
158133
233637
148123
155501
161966
181760
95682
160356
73213
174450
262072
98189
165158
93126
28781
85459
257385
152917
97893
145769
205221
189190
283585
265833
185305
194374
163984
98254
186124
276372
72153
90855
211495
247624
68544
195218
50470
34007
123523
270215
33463
66453
8076
233723
258406
203684
273404
229918
149084
129159
80118
47092
145189
57823
108437
228712
120752
188576
152892
13025
155585
47461
79946
171415
245448
119991
228154
142184
48060
80406
113902
259509
233177
276604
130775
185567
263598
143465
37754
38344
120632
31362
207260
79145
217298
38202
78124
5026
197061
10584
53748
8446
136061
243007
100186
153210
220477
299646
55887
79823
70182
105678
237406
76141
21940
179326
208328
148900
109785
114264
229848
226927
58113
206438
271993
256867
81793
10116
242578
54564
257483
131963
283193
49558
141555
180148
82475
71162
247011
234975
164151
62161
203611
129987
122044
10872
147962
78032
84650
223477
186318
55977
108862
130964
36528
295575
93183
117830
109937
2156
81306
179212
221974
20155
34905
299785
84784
205054
64271
250259
22623
284422
60879
272689
267036
245146
19072
61683
101478
103729
45523
130362
270621
221018
115336
108406
71070
287809
118179
213591
138782
215433
272611
106448
7000
140291
161964
44930
258610
51346
118872
187851
42129
293126
181467
88831
22906
141163
141044
101079
159230
216630
107636
169790
297118
135087
181557
54627
5536
255312
236828
157018
266618
208257
259443
262083
257828
175146
66769
31807
170014
153416
46322
5322
76830
11041
205581
67976
42222
56130
95090
20945
195879
202691
264665
243001
298560
211436
207618
93783
217216
50427
136337
78507
116794
102953
148701
73408
9111
21964
220449
299337
186285
246434
16040
126554
246106
207831
7217
20612
31390
10789
151295
123981
71704
126362
4159
58851
115927
214879
54489
241380
276618
99063
70175
277750
10530
79971
93618
136720
225814
26305
75764
23084
66091
17634
291010
84397
219641
57968
17715
67713
109215
159958
154440
270658
124747
233728
266732
226200
52125
185581
237683
167582
77695
246782
49970
43879
291952
266559
207113
295754
39218
9844
53728
223062
139614
285000
266495
36279
219669
39261
112629
246549
243008
23858
191904
53423
166690
78131
77223
76445
1605
267054
296192
164401
131914
257134
275341
160583
81060
136212
223191
181574
72005
57127
122474
55991
114803
137955
190064
37507
93179
32393
90936
200255
28423
165099
125295
207419
144449
26045
58952
228047
224598
113891
224382
59393
116040
55580
64579
90732
138597
161649
160483
134730
80489
265479
276169
278476
204791
264396
179609
167303
221920
240938
144600
220809
194644
125044
49971
273423
277588
285075
142963
1344
138827
81970
254928
88468
94003
261340
182681
288489
280552
7129
49306
124493
138730
255705
220503
29077
180041
197506
44727
151432
296235
187965
86177
77133
246377
192736
241227
6538
106373
50250
224029
147148
9360
242572
157092
222818
121018
232218
6480
91406
103883
299559
118440
226633
184427
141005
171160
10287
294856
60458
90865
202435
193737
192995
233449
256545
106204
52615
226119
176718
288212
210495
158703
5672
167126
242004
212030
162387
80556
12512
257273
253838
59046
238890
74551
40235
196720
230479
253263
55730
12928
202776
112862
15016
181114
95225
237329
75709
148663
216120
47931
57130
231595
217474
66385
42595
298552
82582
4032
209893
56390
146217
69298
267589
194038
113163
175205
7056
225721
273366
232800
5094
78801
260450
18658
149237
279350
50660
230359
255924
289389
113099
292394
101080
199269
216884
207661
94810
244771
247701
249651
118770
121545
134821
110443
272907
11129
145454
81021
97574
194495
90950
287255
194008
248024
9878
126386
237209
166418
113831
272972
56072
136444
261221
161708
279630
299831
191982
131663
295648
222398
158433
27014
152391
263350
33778
226856
290296
255605
159946
235343
152505
178653
280795
189227
227545
222647
232923
141977
78356
17149
176144
72741
98144
275980
84899
172101
958
284109
53164
25784
151863
72342
226614
104806
3651
68327
28149
229582
208021
44661
123614
164041
16317
134836
152453
77317
72280
110016
274390
73775
94023
2467
250777
172940
113524
27466
123448
212684
279079
112125
122822
125615
200599
222314
224831
11343
273182
56803
65827
244641
155902
52054
255971
88977
181746
47511
6712
209347
8759
60029
249355
10552
99762
210950
29184
80081
197571
64966
260397
228223
46226
112514
81838
13912
39924
275194
223387
289427
31666
51944
49444
99607
95007
271362
70630
148776
11785
212334
163806
111632
17589
145837
268655
180804
42100
7503
107790
208749
199102
147267
189348
80896
173876
178822
249983
114792
127262
90416
192678
152239
30227
28188
63006
100446
178482
267741
186061
37131
294831
196965
85036
257640
76232
269893
192761
17792
83541
69637
272028
55733
126559
274007
264391
110466
181092
83269
37001
17189
256805
164165
237762
58231
89113
248620
160536
77257
80669
3372
258808
60852
24907
24169
115608
210148
268796
63757
219022
198079
166115
118250
38590
99909
240995
131505
248979
46342
243968
125560
103592
147255
62997
238101
139646
182503
53668
14712
253590
130101
225777
7318
285901
48551
200474
171210
210141
160412
172856
211056
66203
166197
259068
20548
60077
231004
4395
173571
129024
165342
220646
72453
145483
128548
222623
111254
212661
296760
29186
43267
18605
9005
229614
177272
95689
107633
128604
290826
75290
119780
24375
66913
145842
10457
277961
27730
214767
114360
14557
37576
268108
281361
66824
197667
169119
11763
204786
289134
112423
200954
265332
277213
47597
133645
208548
167200
149514
43367
124901
18696
186012
190342
259397
83240
85840
3128
275991
23309
38336
281149
260819
296811
281095
70335
54770
252316
70604
55051
239997
162777
120001
235408
49317
55556
54345
179943
290978
6355
236976
45786
116864
230355
61344
211632
89522
136932
210287
70890
178174
164647
22338
82837
98345
184396
178051
286110
269329
115324
159352
129248
17385
86762
56652
144421
153551
13662
240355
235035
189804
178919
189656
94379
214289
264865
188567
228181
272147
234320
130857
43001
241079
229242
220468
226249
172180
209219
170635
263086
78345
117208
84232
215023
216671
249528
203076
96484
211860
33553
112261
150159
24309
79017
84943
60806
174379
179084
155209
175737
69524
82075
234504
165269
123318
148732
201365
268367
216643
112835
111943
20207
51749
21140
227871
34165
144142
137477
106765
50016
18785
56599
178607
213287
35534
112392
91499
149475
3729
220120
218513
100773
50623
116177
123322
260996
257701
90150
290299
100434
195925
153554
281035
8866
292354
199477
100573
226028
234733
108050
227323
202677
292869
39640
284065
118452
184567
197214
292124
12905
206448
42040
269338
86636
239461
155863
227387
118378
202071
167502
18334
7025
76709
285529
20670
270270
146219
188635
237094
58156
229691
74461
182717
55868
64763
290525
176564
137778
198946
16886
39796
42262
159293
6833
16409
275442
4848
295096
290918
255512
288598
281188
224690
217152
104089
117351
217045
181565
41056
133357
287477
30576
227519
201483
73
288942
67838
250879
177165
153138
62072
49235
282496
7545
87987
242265
247468
166372
132918
236092
134551
204686
49678
241249
155174
182621
108590
204247
46956
288719
251312
257323
233369
231143
293378
225436
120321
65594
84665
7659
91112
213041
149438
136977
25534
160384
131374
103307
107781
174041
236219
33438
74366
107295
137795
69757
63297
185633
83777
88265
115715
210117
254644
237509
223262
125784
246914
71371
116995
244742
138014
42171
121764
35614
294595
231485
84919
275078
15944
22269
132067
188593
12027
265368
90783
87666
100187
221445
197492
174175
28457
183484
283316
277075
294006
97407
140483
232406
26242
222518
192554
41705
217510
271099
122324
67176
215041
16336
236985
72937
116744
167682
295182
148590
31261
101204
254123
109881
40923
1908
197453
93084
108963
27641
27961
294263
69853
26438
101066
270732
43314
107047
136539
154778
170118
215390
104907
154958
284581
177586
25244
258602
261728
178551
264625
24386
93209
172746
173071
93011
75627
277675
207747
182222
172197
109979
63203
22239
203681
161294
179867
3674
243204
163628
103731
82374
148842
152238
111923
86216
76885
130837
34163
2242
64875
246239
138346
7177
210294
202570
23685
127292
198703
39668
31320
141942
224419
259703
30019
189960
164234
69827
71277
223608
55214
231999
183158
149501
1755
1823
129181
175506
199303
280915
216137
32978
29444
151904
286079
283124
233312
114068
38264
35639
222232
299503
177880
175697
276621
170464
299700
70649
280178
238619
220848
119846
173904
267677
160943
193249
89721
210722
190486
290818
278779
108238
291421
42554
236801
251429
226213
6153
46469
97245
251727
210087
166838
106990
230627
79793
134749
136364
94284
124756
249297
52232
196845
163872
278102
294506
145933
81165
213876
165312
136741
208684
94823
54435
232266
68588
35737
14639
35630
27228
129810
8632
14426
112463
220968
63803
181744
223113
13974
75269
287352
190410
252130
177355
184177
21448
24291
183936
194289
137298
205162
286565
42945
175492
55634
131080
270131
270490
264678
264161
153681
13660
190738
254333
10254
200936
298823
172472
95393
161826
189810
87196
35562
38151
175054
186786
24618
52544
58350
209617
234783
106819
151841
268425
223813
269307
271463
242927
23097
112109
292090
116116
196763
143386
43189
162495
242628
75128
12442
42524
267546
209421
243807
209582
8846
281939
183008
90198
84076
26039
193239
155042
94411
123539
260524
34218
88133
275174
108295
134455
292383
215298
70417
23669
126270
77740
138296
179874
22476
148752
297177
67908
168849
90743
210572
92146
106205
93018
1652
171949
290075
83979
122220
172442
227603
86570
297485
45150
223675
297235
217932
161849
67237
208114
99885
231327
170713
124404
282703
4592
11827
237690
195955
139057
35962
243537
209557
216395
288675
131871
274619
242337
127714
58965
32759
52992
267852
128413
115536
295397
280096
273788
218188
199970
172021
2661
274194
50739
89829
156287
227562
192465
153171
181165
214600
21689
273009
255697
221894
190036
27242
75873
266555
66270
239680
263237
101676
31575
226366
202699
106065
218236
138811
240469
113743
257733
118222
281806
143423
10852
9255
94014
39010
253000
271524
226561
260045
197925
286641
9653
232001
295362
201428
153086
25220
136608
31571
153464
36799
259012
249099
233350
118738
252048
223886
32862
225092
283083
252546
190563
230065
24433
57049
106770
239499
38851
104427
245604
150786
249634
278052
62186
281110
288539
272153
256483
139294
17352
168739
261247
286643
158896
208097
17548
86598
172874
128623
120637
132147
88001
23277
20160
249202
137468
173065
219258
214222
195532
184505
33329
130827
211569
198751
165870
166636
82619
174410
296494
26137
296586
222306
253750
46271
229518
206162
70359
203
52210
8317
115693
227158
130459
143017
274579
293649
263511
169303
104204
289161
257219
87021
128476
268913
56705
123668
169387
236972
103832
233521
133716
46451
159731
274700
225424
100076
7897
219817
225048
238127
1839
33885
264269
80885
138998
40986
170204
136806
191860
199576
233564
95953
202778
213026
62363
33726
214547
231290
192458
106251
251785
205154
91054
75278
122991
43300
152824
137832
2635
238624
63156
189588
156218
50102
208125
20693
64749
196530
91341
194794
154653
262883
140609
139786
131348
141367
120609
165418
182291
25660
114181
241982
205942
232357
6455
169401
42613
186440
78651
265876
80666
239162
49051
226297
22841
292512
60002
56509
49422
238759
287404
194894
102170
63995
149132
42667
295570
133305
252957
167570
25086
18296
240106
200056
233751
140157
160745
19157
265029
127796
84306
98221
174823
238543
79947
246200
147510
110527
232927
237321
280706
71132
272045
176842
90837
264412
152099
75756
110682
258056
55252
138276
114982
269117
215907
103246
186521
136633
153921
124195
184061
94347
160367
156946
153962
20643
291094
157697
224761
239600
77034
88479
273251
231606
52247
103104
57221
179117
159227
66521
172853
43874
230989
180869
158555
159512
281354
94207
119946
123677
263384
190007
264835
90007
296638
288490
231548
85817
38911
58493
64168
197580
96110
241495
292219
12195
53508
254763
48482
111249
290105
110310
29228
251753
130002
274920
175327
46040
47895
160743
229553
260498
164727
56449
79337
185536
207192
58244
169292
229272
276662
223194
37342
83091
155156
214432
277914
130682
184273
12438
187248
252933
289378
71538
168799
177174
69097
99748
23965
97388
165966
199171
117716
45689
80848
9798
177527
156239
296631
76641
106162
219067
241424
168827
118488
126968
189499
200900
137626
204093
264964
17644
93931
217980
17181
11997
232117
99026
250596
29210
136485
21773
277592
211025
248905
179558
56649
246406
210450
285355
287749
9899
244236
235152
106560
175428
277299
275701
297041
198862
288339
277644
163227
162438
146005
229103
6751
207996
6486
259165
54897
280847
67077
248824
250164
213725
163598
179522
15544
39937
31156
129007
105608
28260
236794
284448
201447
48110
28732
114626
17738
33137
205187
296867
229248
171885
86864
165841
7185
161468
135121
73633
229718
29781
28714
98779
9787
45783
221429
38389
262615
153733
294966
282418
184506
271829
182849
210096
4795
959
43813
298111
181037
87158
56243
223857
134820
113869
269253
259498
176447
242461
11379
1925
74499
159300
94815
146505
159057
261833
224849
172606
260871
25993
135273
94963
87195
99829
4253
81577
99180
113755
10484
204631
51705
57805
253183
121978
222334
294618
15588
16630
246258
49754
164145
218643
159805
144517
168578
77315
261358
71466
74880
16999
258641
285232
243542
47737
36141
253053
161727
217503
172737
207194
227416
173084
212503
144183
232069
159190
68447
78814
239655
252716
244654
274404
144034
71551
28165
260039
32695
146029
46030
33765
153966
215496
34063
221985
116117
185981
113926
293254
180710
191225
18463
86182
266265
185519
112673
152607
155525
131095
182601
123249
268486
257251
147147
251544
203662
69909
68717
291367
252327
280204
274597
162261
287813
291286
56713
89136
291471
96177
241578
227065
273628
169723
258564
110539
118832
116601
159178
134246
218798
296573
93948
141638
156008
213396
92565
70414
151037
3905
191526
211283
134438
162990
110380
78286
127429
96014
52686
212104
118129
76160
17334
43782
228505
54491
193159
117237
248193
14330
80468
135118
24240
16568
67079
174065
171586
279414
44883
200421
144586
220015
142055
284395
133179
188417
31815
174429
51955
152375
68435
259786
242128
159142
4000
218474
142312
122356
197741
81570
16730
146258
247267
226448
38341
262220
285082
79540
87741
211602
237796
57618
192063
90523
122983
255850
162468
61756
139616
254151
284717
158041
151873
77093
91844
89628
186276
67747
261603
2312
161218
46557
120347
59930
208783
113244
245907
224262
197889
107670
160606
215827
54316
8713
76073
127698
236495
72272
269736
17743
204855
102134
27000
68021
236161
9321
34520
204063
238356
169003
19942
161247
267065
205576
97842
294131
237322
54143
38875
126123
66566
47770
28270
210806
127100
228292
211440
9364
231659
269855
72932
129164
102786
187348
50400
290885
183602
34285
24206
284008
8748
61677
40284
182333
63522
240045
145830
108943
200328
11063
283382
52082
204494
177081
81411
157406
57080
267553
280559
14866
60717
19308
89928
206296
26355
189692
153098
20922
154594
212407
117803
7673
281560
223091
297306
3411
70540
59312
175210
118838
63182
271823
46248
3892
267992
64548
168465
254547
44984
101071
104895
156756
297822
289297
238039
198270
44449
286349
201208
91102
28038
193920
237427
24487
273412
150572
214345
242619
293713
47836
187731
171862
242077
33832
292164
184162
217350
219470
42731
7449
280129
186619
220172
216403
124692
79762
270228
104268
42737
83066
209389
14657
19779
166134
16471
55631
39802
262629
88966
245705
166872
102447
277494
237845
29961
128018
291323
27982
125207
26500
152568
177256
13214
97435
176397
155410
46186
184238
78556
252692
95373
287213
276435
271828
293222
204955
18081
131090
213007
122854
263207
158311
22206
261025
299391
170440
204201
151745
146798
238865
47208
220623
244439
37014
136796
188695
227183
240966
195880
6542
205443
291812
170945
120273
273159
252625
7846
268774
149262
19737
140838
144212
38852
231146
260044
224361
179192
288564
183231
74440
272247
201287
142482
88237
158410
225879
38171
130470
65108
13266
39083
12821
151937
179207
98480
258909
240108
32682
107149
21661
12310
165420
66578
100825
70416
188760
244159
90794
282776
128489
55426
127859
155028
224229
95228
30724
73859
176478
194262
221542
16150
130766
255089
190547
220631
102781
45182
94343
55647
32840
180840
130406
65668
89510
198933
56478
168243
115721
40480
270681
96822
269209
286119
89324
285469
216708
159317
5401
213641
221275
124284
285996
273510
125841
8290
225792
215361
204375
109169
8957
103961
219270
53062
267925
13232
285299
137674
224755
79211
219315
218846
142300
86610
294587
281977
193341
154787
291430
6271
232857
79781
64246
263987
93929
276571
295071
49321
147671
97410
104928
21062
6168
154214
103337
40941
7509
44056
48672
259923
174228
51645
57645
44809
219159
212349
179744
151500
19199
66408
253332
233297
127234
155399
79101
165449
297009
188175
252217
242705
178762
31879
268512
235906
199053
228335
100792
185357
31184
63125
243217
65296
219249
108435
168937
30761
161587
23524
263975
13688
168456
53338
179482
50033
195225
126165
202333
251207
100248
204543
188378
200891
147219
77669
109423
171430
179724
211786
2889
226234
250220
299365
36595
145873
174954
179534
62423
246972
8771
203881
88776
200259
147063
150310
140238
231946
3938
111688
108236
139848
23549
241379
249902
78661
70091
153297
46083
9603
113989
243349
159947
145845
184772
80196
169836
188235
229573
288379
92920
218540
190656
194458
177721
295233
168079
226700
48959
27398
89759
49758
274186
113158
276418
282887
59700
178182
54715
236886
272578
3966
289580
293163
14631
151925
275420
111862
264025
234019
207101
19713
73587
107694
262579
295513
185807
48440
291418
257872
184458
272747
281491
120348
61422
259770
237295
169635
123611
113551
172890
7165
144018
4555
180608
63348
76185
142385
248414
125806
282043
135736
211670
55433
154281
92877
145977
134736
157991
49075
4194
44577
294559
296382
251037
282057
193620
13562
178671
24541
148751
106475
288586
84149
149847
4464
190285
114449
276681
221876
247875
71140
274671
278148
278736
77467
127134
110811
978
21925
132620
28724
251094
21163
35021
241532
55205
51545
179714
151131
54785
238305
283070
271541
67760
293693
74962
195253
150250
126700
39943
45185
192400
192665
88445
133006
118767
88934
282142
138596
10623
13774
171922
183009
286368
97196
287840
29120
85857
188266
286525
192579
175477
296717
44576
234092
49124
240468
287183
5236
148187
184626
186151
114791
12441
26235
20212
45641
243777
54725
27243
99239
133141
137024
212091
34901
16620
169933
160541
25843
28430
39715
227825
280764
83028
182151
172439
288087
111107
80554
50507
132899
128537
215569
77108
44779
3988
127458
208061
65673
274961
264628
72242
100710
159874
80053
298067
240667
146146
202022
41481
144359
225809
142037
237849
77532
52285
258901
36281
200488
158227
136354
207590
133159
107796
96420
218122
242434
40420
81148
108957
261503
153925
248545
68005
105361
91153
223820
236166
172222
248876
173028
124165
16950
31693
182726
47947
98391
203301
59149
89739
63938
138780
226009
256474
296378
225254
132653
258014
79905
69779
269644
267516
190252
121687
224171
234909
213123
71199
117997
136969
263670
192754
104044
62711
227169
151821
13014
31838
148526
213266
211514
165573
30405
237940
242668
135433
106522
100440
37621
292053
266859
116447
51105
30524
124776
200031
108932
157797
87274
245449
59258
120007
51795
70489
258877
848
23115
11777
173928
266864
274972
132481
243015
10280
247288
61286
34542
188621
180787
171565
18608
97510
267948
227337
128513
219048
295893
213272
61096
1164
78091
101903
244542
5995
107242
77815
93699
180978
75388
186837
221888
30499
210449
273785
93835
23016
281420
208142
279641
15065
287175
159519
52146
47660
220040
186842
131854
261349
230985
99043
127538
91892
123987
276841
31159
94294
24579
22080
13727
6163
287525
277202
147083
191331
297800
99252
168636
219434
99115
187345
177391
70994
244573
37084
109573
125562
3575
279816
299799
227504
276918
231028
146206
80939
181598
145164
274919
32343
248341
73818
151193
181085
184269
13036
37476
240328
204318
161245
287795
118417
111395
188727
255551
297470
10454
43935
69489
263226
115287
231387
12736
197101
32423
123560
22492
108578
4257
92442
70141
250006
252779
182823
135205
275947
71786
276219
118751
144400
212941
3711
225210
256511
48466
20470
155651
167599
131404
125288
223238
222538
92099
128321
226241
106260
207628
179781
186043
258192
119492
13392
117394
265730
78737
273993
204796
197927
66185
173178
91960
89836
216855
232662
158125
279354
173206
67018
18391
89049
15053
233441
38100
196121
172373
124650
184136
148266
111265
195534
245708
212392
148218
155322
230025
163306
235391
71002
75847
231632
217620
267894
57495
105365
114578
126375
147506
149044
25060
242974
204122
199671
53881
282805
71681
168166
116905
7053
246046
45363
252362
86946
289242
295027
1597
64062
238322
91441
224939
258074
131425
45444
287563
265231
172850
126299
196886
22255
40205
238577
30132
272630
98029
223069
112915
184288
284841
57423
272714
95698
237800
137526
148409
291352
279219
152695
125791
95473
115850
114968
54104
269542
3574
17801
286661
184070
204075
115368
178380
284392
168175
251115
46236
210531
122102
92573
32269
146592
31284
146560
48903
245582
180191
224630
11804
9541
158743
87328
157082
158406
147400
238737
138069
209855
422
162631
291116
107830
223928
162837
161559
32608
142835
14957
46753
245226
157468
36939
180179
266566
266599
274884
188259
67448
37401
155697
39251
92438
35067
268865
180756
75101
67949
109530
254714
101826
62000
225431
55526
62954
232987
246010
136880
125444
32746
50988
75547
266501
289170
10450
180321
272551
42683
160374
7399
147419
285077
66665
91162
55106
257011
124023
195956
122467
103073
26820
127986
271447
265143
93451
180498
31267
60341
177323
155498
290423
139278
121193
132755
272824
21734
124726
97306
94831
286424
270831
101782
233593
121137
87760
103970
273069
11367
26082
188077
285196
235387
290709
20837
258080
229615
39026
127287
87969
41552
139329
102582
75040
190698
61759
161061
101864
157403
281818
53094
20002
58770
124888
183774
250663
197736
151197
19365
92298
200447
285223
284895
91678
12687
107691
157867
207971
256153
97664
190933
229470
96794
17164
213341
15407
30057
169748
120963
152347
229574
209025
216019
15297
92809
4627
59681
65389
64497
248295
42289
3801
165282
236132
155827
10964
220789
134796
262652
139000
226343
119241
203330
284721
203719
46402
238067
238748
97088
93758
228156
255724
255847
236941
116460
255150
280292
209160
297212
71842
128626
261525
288073
16109
91000
59825
265687
24554
29935
10224
239433
63375
45517
118943
111442
37961
65737
54818
63901
25106
287903
270928
196976
83577
108144
182236
132817
224601
248653
226636
282290
196476
35530
272209
223302
242106
133664
129435
122430
271121
61603
55994
252476
298632
206517
230173
254861
2913
127787
240291
89286
292012
236451
179893
203664
286452
249713
213936
246027
2092
80811
43828
180617
31613
140804
10580
241371
258245
209150
280641
39191
268047
1942
138101
146263
28093
93743
25790
263508
182499
19647
101972
186428
81459
238946
104621
282163
108189
79599
233658
178914
205962
196028
40172
258214
144156
145207
171490
211142
293156
261170
63161
38626
225516
163352
215727
27284
96877
29117
107779
133365
268431
148364
59500
163734
270100
220033
289564
30791
123854
282497
106814
265135
4570
16843
42498
15516
106123
195468
94228
12603
124225
273616
286917
105038
297848
248058
164179
281425
275365
54315
98757
220227
81830
27062
8059
99420
25207
272997
145041
144040
283559
268152
136635
92378
235750
81813
72722
68963
158887
7603
222970
114320
279135
43510
286922
91642
173020
272650
35915
216370
273559
275869
289198
260535
199166
284505
287444
230378
281183
175284
209521
255577
85753
108798
91613
273377
230798
292989
158209
125889
235845
115550
85253
189988
95491
273022
292874
28121
45553
109256
278043
288392
48552
201105
147112
31975
14340
215519
168259
276057
255207
243296
52335
206977
34725
246941
215909
136057
242681
49279
207974
176772
269764
145227
246328
296957
188803
103817
98292
245825
284334
106681
262862
132191
249652
160770
31148
256182
70428
37672
249109
190995
109379
158044
38516
73428
220071
219393
284790
19962
95941
13554
74672
256208
150871
21497
263012
32350
31126
109873
215220
285624
222368
211046
222994
282850
37408
187778
164020
94997
43580
280188
117800
238969
206026
238837
76912
207657
49839
227644
14550
275837
72303
130924
83017
71902
77801
65128
57440
185715
157367
167160
214722
94108
98828
289234
45007
46413
87512
240902
133149
222420
109480
121951
95252
288227
12465
111118
26040
282520
75807
282113
31984
34821
18968
221161
135332
133869
241984
68229
60360
81458
64399
251505
234168
298885
241248
228129
61968
53381
88505
259626
248692
89525
15900
246104
254808
2859
48662
62826
54846
3993
91205
147489
237031
34867
245521
133782
246284
286847
55516
94748
161291
145989
249907
918
5547
90521
102731
183691
8975
196415
71573
255613
174993
50966
22712
149116
169451
291356
30322
289921
231486
43721
154712
139464
123256
145080
209414
56260
208513
191511
59332
194240
116890
45281
282807
132062
73293
252857
268
117868
31035
200736
2405
288253
199883
147358
144774
172639
206898
75266
92641
10144
27576
293247
289740
59822
260172
38360
92333
203398
121328
170043
121710
58206
205564
200416
178641
214842
168973
238947
118710
263558
183480
65666
36319
60048
278583
245381
189315
1436
299096
103888
234855
288807
143150
165196
218734
72781
235275
81280
156125
273954
145894
166977
222454
126007
107748
121394
47205
64425
75468
269224
10810
80711
194437
286798
286092
98111
126457
67145
75353
72929
138399
84065
22423
94507
149897
108111
252224
37750
108972
69593
249904
272205
28005
106826
220610
191444
143229
83592
279764
68457
152171
236580
108662
142128
116128
75592
192336
91851
161225
163367
87502
81834
217278
267010
89358
30096
20083
172869
191104
59556
272207
88436
148760
175760
58382
118768
86771
142656
206502
16226
214042
156157
203931
24497
198615
169592
48475
298803
289230
216811
73535
58526
274148
47688
241422
270323
130688
26460
235359
126436
155091
292805
252506
213774
133420
64899
77401
20293
238723
50259
60432
194835
142725
252766
143397
60125
78
124663
3232
200823
284962
29396
96094
270539
90903
28658
182776
93409
257284
251831
296434
96901
221504
207866
243475
58039
6433
21319
228896
199691
52829
153075
77260
229967
198500
14991
177167
66285
299055
42340
212008
57500
162788
17693
299572
64694
249141
283643
290635
5971
258790
259888
101076
266686
141096
294707
143104
76214
195680
176038
101775
113217
85424
109091
170166
64349
263681
184203
9279
68183
37141
53866
160993
248209
56656
210777
63993
274464
234241
104353
256916
100152
174225
140783
1960
248904
167822
165504
250779
239021
102598
191913
121664
287555
18798
158252
29959
43516
225646
133424
250696
275762
265676
290119
94171
169738
290949
171906
103952
74668
2147
194216
117509
62473
176237
235867
23455
75254
52302
257381
28723
37571
216118
270829
261366
230418
133544
192098
269872
218749
69964
256185
141215
281034
140577
245842
49353
23676
3690
214134
142817
258446
16573
88366
272636
20445
221754
68656
104039
137781
13474
96237
57332
37812
127546
46169
95448
239214
170266
34263
12925
120701
48444
86529
218747
11187
102050
138683
265097
241366
269590
144588
249234
192566
195529
295874
84984
297016
182149
254308
72089
95623
264808
87633
253574
205176
229351
196723
102593
28954
47675
98867
200462
117601
4913
34452
163086
20767
138405
297672
202179
166948
19715
20170
12624
11623
247322
269021
111719
32658
292482
97945
169841
89837
10974
119682
171000
273019
196429
42381
204138
220790
100629
143740
19766
244410
182403
19586
136752
175476
287014
109754
225580
145588
223365
234208
126631
188836
45391
157897
189221
106050
183669
290300
252445
274966
190240
215533
40011
274810
143565
108052
88536
209136
153865
94479
97110
297756
116907
294290
58247
10866
65471
178961
271243
13879
195549
11883
239987
240079
105047
254713
244515
256687
36974
207181
16976
269030
100126
234610
166309
253303
181240
5642
138989
136044
187231
166409
8871
205985
263735
130808
205449
255049
84006
152775
253484
47360
265102
266139
36769
251594
102567
97726
7516
260022
32871
276905
227465
65727
62208
6736
285087
64206
80197
117419
180971
42690
243427
231498
149103
77489
82637
235849
109122
37246
292050
142910
267413
180240
237744
39279
59227
15031
221863
13212
54208
225496
14156
64798
13999
43199
188107
174515
41733
87895
26923
16076
149500
78707
267018
110982
243766
218064
103457
62552
79165
245847
86624
70676
294149
86199
48351
119278
113190
73820
126401
214585
26470
121577
282745
180373
233445
277218
25444
7954
178408
31583
149231
39557
201653
140889
197161
114016
36862
262881
149128
222829
259158
96099
292234
163595
289345
111186
248039
193644
298429
200675
112440
271214
180643
151725
118455
119971
187792
64136
146278
169856
288633
243889
164069
149034
105528
299686
9520
139670
154757
45254
171403
109777
64720
65650
165457
146019
118501
81495
263828
41687
230962
243179
242034
139871
254998
75443
259697
89830
213568
206691
93882
110869
197250
78075
265927
84829
263947
76287
89306
225151
265337
80463
259486
101100
179177
77606
223456
23350
118489
226347
43460
96005
132447
232411
46308
288853
260647
124334
71421
210340
112091
266057
66686
44165
276060
145723
168154
131306
280480
112683
143568
242397
185147
23718
249805
235526
192765
239008
256350
149301
741
237806
179299
208938
160197
151376
248055
268500
277826
85666
212485
242843
142803
105864
101659
68658
68710
113093
168271
284394
37313
139366
72816
201576
100019
145265
76903
293631
171113
189541
31294
12936
194443
164443
54879
259235
126745
2600
241779
45892
148973
85744
172440
94317
84224
136955
3640
111785
114840
153782
285448
116809
72579
129565
116524
228370
192556
44551
288739
223544
230662
107387
220090
242842
46503
238552
10586
19196
48161
59999
242911
65750
271960
83913
144988
256799
226372
76338
106915
191475
167343
108414
207828
235595
133988
249809
283886
78484
130979
45212
138578
296413
183212
267397
207730
216342
70898
49325
86935
109004
171509
134666
38545
267743
63836
164552
136550
129488
148624
81927
251053
43057
256178
205179
70909
57079
228944
119356
199302
183412
255328
164814
176614
227973
236555
106109
252199
221979
46877
298363
15884
164263
32237
26794
237180
62831
37486
279374
14879
151899
17413
115667
250388
26764
61851
232422
166380
216975
265126
68015
20983
14198
224129
197215
189342
166560
147519
181725
53
198247
279682
173525
54741
152067
78379
92727
146917
203031
286494
239194
186934
45745
110201
137001
270413
241580
181465
262606
195643
203586
197285
137501
63882
235010
91906
176901
259337
87970
279272
172259
134540
100512
127015
126432
173892
157281
89247
76741
73795
71501
195060
20022
243756
29386
2164
93845
280534
221353
77189
281455
112897
267281
92618
41455
81309
74072
19551
224237
104794
174214
85374
81593
129185
82487
108451
158446
94504
48305
217199
258424
227565
109613
44543
270123
133963
217630
47950
96430
97144
107288
119172
46892
113488
70651
94763
113634
128554
210800
106934
132175
32491
277122
42970
230548
274869
275107
173684
38289
61812
194886
111095
262100
39198
194740
94393
173955
66431
140859
55857
78684
215782
215621
138481
272410
67496
143802
33166
25269
97339
269589
114101
176490
256276
104379
291414
113289
287517
246372
148636
202830
4577
298249
146953
109080
116459
38665
254667
56225
43736
237890
72771
126993
102103
124060
106740
71737
126974
103630
61119
299508
22245
227214
206307
19501
251663
56485
141020
297173
170173
41506
166816
61166
267824
65152
226260
97575
59163
87471
188049
208348
162627
49343
24506
40723
201048
167798
221244
297716
230170
137899
102620
272364
274135
180413
141470
135376
239144
13866
199650
150352
143593
251507
209745
92658
160512
201330
76348
225068
223736
116405
110363
128136
111193
132138
111807
53385
236304
235325
287491
66812
48095
59070
93206
142072
45034
188546
294086
180789
102064
213220
207635
262596
214151
80691
29741
88146
48571
51987
138423
184791
35976
112712
157168
24110
88215
133127
9425
130009
270294
177702
37400
139378
29994
139810
62643
34035
178145
397
138329
50862
78494
106865
252259
190997
227554
194007
216672
253500
102930
103527
141581
104820
173194
125153
77199
39027
277896
84163
262327
215129
251983
235097
83845
60280
122319
96648
13852
233571
15857
133240
219780
157311
70447
165974
18398
228257
220444
72434
68401
29262
28706
84108
243286
253485
64185
71428
63335
284509
259316
225198
32551
259655
58572
192852
247440
175810
235333
72707
185077
34525
277091
229288
206847
232612
115940
39682
78914
165804
203458
153034
74999
294466
46174
40698
248601
69446
6774
201561
40825
273327
279121
127994
162036
121080
210217
72735
38790
207497
7026
290190
101482
97585
58840
205589
135357
228345
66050
111873
57352
274651
284055
30229
33702
297451
79669
280212
282810
96374
164005
83147
213806
223705
39615
205329
260873
266844
69776
214394
181991
156581
111537
44915
217220
204515
79437
51958
56176
165885
22257
139517
64680
8953
103364
254375
176183
97819
235764
116976
243408
250336
226332
139560
76404
96257
183918
205807
74935
279249
27983
299381
160505
186456
173552
199913
112922
16848
92875
238422
279936
164988
228912
189465
36879
234632
79349
207666
64169
150503
46486
182271
17818
227945
64152
89030
196430
23724
108235
61671
82090
169142
66889
29188
73766
293499
241325
297440
57268
264572
624
148978
281752
74985
31340
131007
265379
182638
145542
165506
6290
65367
197085
198818
219066
19112
66756
136555
33198
187496
161615
82276
35725
13579
44015
70318
265673
126235
90990
263923
21112
127718
252283
45374
115969
125809
283273
54956
245578
38140
84910
246049
162298
43779
167201
193046
121956
108596
12057
244645
20685
57708
261058
253287
122463
181123
102451
112133
168720
131202
257192
203870
37857
240818
39189
211922
168112
25724
39590
299728
75257
222182
205399
226502
16670
201404
260481
268859
168726
291665
12561
68759
226697
88267
108315
78972
95834
234744
191632
52307
119835
84660
160709
51247
103154
172353
217432
118237
150957
30907
257090
247604
96860
86942
49698
59566
24688
277660
151157
10865
235059
199262
264800
55082
259995
7440
34944
224832
292798
160234
29679
56506
271755
260257
297345
111985
78024
12345
127674
18348
184183
160783
283884
193989
162245
280029
286203
157915
162845
211855
40471
126510
15888
68678
135987
29661
34264
250697
85564
264926
70163
196038
283443
63277
45760
50180
157212
128366
126688
192706
250745
166642
133943
99377
6324
220822
212762
45108
123129
23293
128885
216281
104032
60461
206807
154330
108223
245198
49828
263052
81616
209738
213309
101986
232940
33873
254887
248573
168002
815
62944
296247
229202
147087
201916
91271
291950
106871
155603
231379
197110
104159
259101
208693
206991
24575
179019
177263
119037
82020
131643
85814
152039
55664
89740
177459
141797
268741
213532
91955
258173
78245
158945
204511
136484
171209
92299
250418
206280
244080
213636
268515
5942
171788
217942
153164
296980
293614
278067
1915
72625
106957
238794
7796
15754
73308
177957
129988
79586
1628
282663
273349
253915
87290
11884
110449
222119
258227
62461
45514
18728
74041
289609
282258
83892
115293
50302
268116
55540
216360
259288
81841
20015
7766
279508
203104
167538
137494
211005
119647
187313
70275
129856
194487
229090
247526
288109
256365
19718
205615
162553
117004
61925
137908
102640
70487
14283
125253
99827
271766
162203
223136
154749
32427
164160
181989
170012
165023
46143
59563
198827
97433
214530
174475
118720
297812
238548
278606
96142
295695
261213
282438
230748
133054
8994
126957
9727
243399
52123
182604
51061
231415
254708
162214
102709
7297
233749
139238
142984
190623
279636
140407
112056
65570
115677
281101
250730
41057
119522
266807
286861
52157
105073
151730
83084
208388
102614
239653
24786
117959
183601
80323
220138
22500
228976
107733
248272
156787
225012
18008
235263
106043
53229
249493
130003
189734
114566
137823
131588
126257
238324
156281
60661
109608
13081
287705
144214
118679
58449
14000
107326
212350
258535
233982
2640
143829
138918
49790
99499
113982
123363
233654
267674
274866
30094
251716
262141
137072
261146
228254
148758
42851
191285
126460
41207
9027
24273
287960
223834
43101
227398
98010
26922
43853
251759
154912
248534
148284
38766
251222
155936
34214
54089
240036
192529
204675
207505
228299
276094
141111
146819
32381
103422
67584
30648
214920
235879
196562
229432
230566
281512
189430
24115
268429
253868
120799
245152
28085
284436
23474
111733
11837
245069
161071
280845
153536
84981
66806
44684
210855
186952
118302
83439
259986
96475
250742
261057
32464
198594
36530
272040
100340
59854
268203
11598
272982
222417
292138
15096
6207
215214
63801
226300
242428
46051
277827
171817
101148
62772
145444
248783
211248
98959
262063
255138
293349
282897
267034
202665
206106
110752
27888
63683
33651
287590
224819
158550
242730
235919
6729
269937
33011
127909
170985
36808
231860
151689
98822
207771
125076
139906
109986
261558
95004
283254
285800
17390
83168
69743
52011
22192
242893
226259
5201
5112
136775
236763
157561
20300
42926
75315
229372
82523
80386
138352
95889
127740
84396
175382
124525
102931
185133
214888
27958
53956
103645
245921
176583
201905
104321
89600
109499
163615
144144
297477
253105
262856
222100
43942
239622
186295
160026
280756
276651
145199
139481
104714
188793
178192
2817
154584
268088
197107
40300
120211
23757
65406
125302
206754
60906
69775
225803
298455
191958
242178
198950
149792
11882
262422
104649
148319
128285
286570
5031
72654
36982
128284
159679
88291
170410
281435
170130
109793
39205
193557
156870
73853
195256
36630
10085
297525
136893
189608
133997
230430
16103
27660
174750
209445
178644
119687
163796
176454
88451
181264
224280
151759
78428
165901
282630
198149
234628
5141
134833
246588
3012
100093
161444
216162
5444
35812
234481
126997
226353
197279
192496
81864
274331
26905
19056
277923
206225
274952
104709
119261
266044
46447
138046
132186
247781
131481
249711
98563
180134
73596
179799
100876
33752
266330
164366
176683
184641
284851
244348
223617
31316
10140
193392
21342
116795
19336
170221
83139
118727
109762
97809
59120
62470
279607
80348
188937
110838
64302
55476
19904
40743
283228
30548
190266
198357
74484
88019
224182
106507
161696
60847
116820
122089
267001
76829
18509
86948
64325
269288
243638
214840
206422
184216
39767
236297
180052
287417
167300
87474
195567
285932
67292
181874
287049
277403
23890
116403
180739
49973
121644
46725
95375
198238
217615
119594
80531
43417
220370
208989
52663
243385
67877
269033
176667
202114
134429
84324
1166
62639
192425
54746
129830
268501
115936
132479
255360
36993
92866
242599
168955
280612
217915
39422
74416
298049
175332
244544
19818
209562
246445
79594
16817
60071
236663
36121
186671
9715
172699
5510
71774
136356
68794
281249
265768
156214
63503
5106
126804
113965
9588
16686
247384
293059
239422
269250
193007
57649
209176
222106
39820
11986
104581
136529
222912
294041
233088
169645
272536
290935
127511
174751
156106
255536
65545
184706
84906
213848
64114
55971
176767
10907
74135
135934
36902
160321
51387
220605
90042
90569
43998
168519
130197
98134
88430
172026
67316
289347
55064
67184
52185
93076
52709
208361
23602
244499
210661
244129
222487
45425
207626
254179
229786
222324
145101
44422
256171
19277
348
131852
220220
94960
66176
117647
152404
22151
242371
226258
299075
183887
248192
159016
97174
22781
27612
293151
257901
104476
36546
189979
74277
175143
206252
27251
143591
158233
143120
17616
140810
170669
92687
20282
16631
8490
80369
230574
258906
162450
230557
229619
162719
76963
248287
219223
149557
69139
23904
222451
66582
132507
125711
80809
297871
88181
93889
42073
177542
162529
86937
124959
203353
155151
103341
157343
244740
174290
148640
190608
231792
141344
286726
128883
40036
174459
3195
16012
3999
59494
184167
111961
235949
52253
242502
91566
214686
263131
39995
272873
171704
190210
88132
134926
153553
79274
202222
97564
244837
16734
20396
114861
245322
61441
217410
30046
208819
117958
289179
250725
214536
240811
150613
288485
21592
196071
208617
54034
58508
177679
230205
179064
100841
100168
1896
167013
185457
248100
191807
183434
12805
140639
242072
178351
230216
23211
63502
110069
221808
160681
244647
224205
192275
182570
157006
2120
181333
54736
108228
196252
204184
15201
53006
32652
230826
16291
99758
159099
28210
260567
55091
150405
201366
177644
71102
297216
149870
176949
58823
73710
75183
68909
251893
280435
138659
166992
267686
232121
51890
171836
40223
172452
76995
11234
130508
158817
232078
37020
156416
120942
76131
257900
196961
87771
65889
204690
80478
230781
79997
67011
186560
137265
214472
206731
47194
102905
142889
3274
171034
191987
228105
127769
261003
129557
74674
92543
129115
85057
54255
223972
13575
222148
271748
29127
243051
120344
51776
161929
294718
196137
208309
145908
267557
22686
13029
129098
193458
169649
19370
265855
186876
160263
214960
151486
204489
294528
225340
35733
116130
79057
68162
105410
141386
48931
74783
131556
290864
159549
290410
90312
266065
71985
270297
183788
173210
41714
160891
98633
233922
145057
219995
154576
51931
153301
20526
99081
83134
168555
117538
123348
125641
232452
123435
96281
205259
161446
19732
224397
65778
130103
199449
100099
11018
109639
214812
201505
43060
123217
12290
260619
127270
161206
193841
31376
70263
116663
51422
89058
130606
81962
11650
172553
16258
283279
279693
68299
235191
34242
142519
241833
160378
213103
24557
275462
83115
154565
265985
230939
129027
93682
226515
65902
24980
16062
142765
60212
268314
186920
293654
265364
45315
220316
91950
223485
208640
237717
283525
55304
102038
173986
33174
264090
287758
111728
270137
23717
106474
56342
298812
199541
13062
169965
186641
233831
18933
276239
143826
143424
4349
25829
208430
202072
192127
31515
249620
100993
7588
17982
60925
22379
73703
49700
176065
150922
47622
132867
236757
125512
284871
297765
119364
262507
35362
280138
229460
142041
184248
257121
130272
206649
210247
246416
144428
150454
86479
99470
205125
107782
36804
273978
207334
103962
213837
288547
233609
131576
206524
214832
107472
297738
85555
181987
142879
129876
16932
71095
176886
57646
56027
178999
6652
204181
5844
294395
63366
157267
213643
5935
254216
233957
135453
127991
53355
117819
266141
166019
143778
126268
75823
158017
120235
161862
71734
289296
206591
10933
199610
117681
111847
126502
272993
184131
121028
158301
263791
145828
58941
82990
206542
227390
253481
5442
25969
162061
188342
139761
44464
96610
288440
92148
219848
267009
169426
275753
108269
154520
88673
188678
218710
294388
230
229226
240449
3834
95846
230144
98383
226000
254935
130428
27420
205535
202371
202551
44451
207182
42154
278081
107341
172129
273195
297916
136291
178899
266164
105417
103646
221415
4234
52603
88656
48160
146177
210085
183671
219362
194466
256025
223502
32873
185274
86296
65458
150757
290139
242582
144793
293013
161916
11927
128041
239028
111936
176785
281730
218828
109899
211312
116327
92374
299124
119505
185216
187823
163676
27191
118202
86658
142664
243730
185138
87496
112554
100960
196911
128271
168645
273384
272261
282072
83415
101555
119386
168885
171584
39751
9398
154610
289366
220078
227836
39079
41892
261662
29195
78601
274532
163691
165748
77624
151440
181819
76544
25439
106482
55070
90932
226482
182094
218096
247400
279391
214542
5366
212344
166824
222761
29915
150543
111102
61942
248833
258881
229847
214693
112093
126078
240301
201827
171374
23209
42010
139644
166835
199841
220019
263459
227077
26645
193279
21169
247827
281046
255400
262855
261534
29003
156213
224994
176602
126250
298566
150231
77670
92677
10297
282340
121026
56461
61126
107322
193576
217178
180533
233657
161343
89509
47811
74795
138598
141421
84358
298451
282110
29023
234303
223260
270972
77120
69748
274299
205144
234282
72307
263515
179801
206539
217161
162913
84633
156414
37624
101304
204576
64347
202882
82222
258789
92009
16251
259240
76538
60421
282861
115916
121383
98906
204517
133490
161181
50089
178193
188915
212514
146966
176177
213200
192325
254084
252222
33154
36236
186418
181482
34098
158485
242509
85659
178847
102924
88579
189666
208737
55385
220527
97033
160100
81531
103895
228083
122609
64019
217094
128927
188825
214102
117837
270892
276547
215873
116973
89995
277110
73022
14005
110265
184457
79851
272472
141076
261156
88337
139459
239860
290659
126764
208813
56470
63401
203676
261291
56530
38772
237096
4617
209065
291560
134047
117759
239349
127563
283659
248506
88043
146125
203498
250362
4584
233483
287198
139590
219438
289334
175593
193443
219453
159989
32993
275788
66747
46316
275286
60580
110202
188552
52652
201631
80123
89656
208229
181679
298316
278116
231400
276140
66965
29865
242480
129712
154136
76757
158622
10734
200020
3034
37017
286077
182313
7494
63151
61848
116014
298677
168267
238028
79574
274157
170637
124824
49568
145322
146872
225088
183907
288997
282607
295611
220068
84562
223671
90274
71340
38941
235975
234425
7114
277689
81694
74293
250414
16663
167158
299687
175142
88169
131408
27240
2478
239626
137542
50476
140451
223862
216103
27821
220507
230910
78108
288720
48141
274126
260993
180119
119006
204632
146451
282515
289353
90498
157586
91707
41534
60748
248899
3299
32672
210389
6401
63437
243229
146114
175404
13973
226529
200412
282214
242684
246291
149559
119137
245856
213164
112519
150894
48400
292472
282178
253432
183958
153901
197092
93920
275306
236633
83860
74063
179681
289075
90914
299069
32974
140501
65968
47098
41560
46041
207542
299316
88861
103576
129561
201101
264293
182296
286363
152867
283596
159927
252218
88598
198694
58429
69182
224597
159906
283613
142217
162868
70536
195620
33903
242144
133510
241463
9938
113592
83214
284371
10172
129063
248434
211349
249082
152927
208317
232220
178603
289420
159507
68096
261854
236853
117511
69812
292175
132589
72203
129716
231839
165743
173922
57230
190160
290405
219876
218716
227610
275187
129396
17699
182362
163358
125346
29727
225519
211118
204202
226885
37868
58019
132198
91304
281643
77719
220336
138970
120151
10233
140493
247161
83369
144192
279032
110665
137853
78406
163905
171737
261845
232341
259734
139594
97567
51754
17084
196422
256925
234661
20437
190706
105475
58785
156949
176536
22444
133844
12402
278749
114895
199010
202024
295589
22785
96449
178026
171615
14370
127076
93022
190328
104894
201994
26498
225649
29986
19538
63690
296591
260408
266909
93510
125106
32523
116901
247561
141586
185045
32777
125306
30036
211335
195758
216382
38925
57300
109013
202010
81344
220327
127528
138015
118482
136629
228598
14936
99918
79640
274992
267263
248536
72721
23868
166085
150795
136919
211076
204340
204147
158390
217250
8043
237292
172573
177096
74865
280496
109736
19812
228585
119984
80485
228236
195497
251861
30725
252569
183101
42243
114296
261960
220952
163521
239264
52810
263327
8334
207480
123963
225007
202170
222018
270849
297307
81210
156194
159880
177356
9040
256209
170227
65862
101567
235662
269746
25123
56694
259929
15074
122342
231195
106631
70887
227261
178616
26546
91132
134860
113930
38132
264929
52532
149443
114853
56224
292414
192982
118870
119951
137103
199505
274336
108069
294513
241492
259825
168619
278551
120539
222955
191076
177120
112137
202996
262682
24315
96671
124929
118315
182120
75899
282324
28306
61205
176260
259517
202413
230561
67775
223195
147337
12848
73522
135125
126474
10568
192646
297794
135153
75489
95647
192889
141072
168168
16270
235471
287769
33383
218717
120893
90773
31372
909
236940
233502
236128
136802
19201
110212
253738
191279
240111
207296
192269
43889
280434
163366
261724
86563
150581
285326
100979
21056
187312
278967
121373
227215
136621
282066
62480
82152
86872
62044
80627
227295
44609
256887
71235
181917
144992
151807
136205
113141
3756
257068
149542
225411
151929
113991
87482
259308
35052
4606
159003
255976
196113
181872
86059
45038
101090
42420
122250
143732
141114
73720
118983
208121
290315
68120
224529
162381
192705
179412
147274
211669
226178
134564
118808
49366
80625
190881
276371
207344
267120
118247
140802
236102
25698
92422
241717
142453
271462
203034
206627
218269
39787
120453
34630
288044
206574
19565
214268
226058
280615
141847
108855
239744
60721
44691
98853
241700
149368
245784
268714
39238
215699
126376
10268
226253
76807
85444
255489
195933
177693
187453
32781
208890
236154
38824
178442
132757
168298
96891
10784
136585
241765
42145
194642
98045
228410
120015
128427
99170
201535
182913
17790
231740
179282
79854
287919
88138
299078
124608
79829
183970
213748
195262
77287
79855
289437
175368
297609
283157
56124
243528
226563
20383
270293
184286
20766
129503
279707
173772
178058
145559
114858
274079
287124
59177
259291
202349
215307
239735
233199
88033
174397
186335
31910
85877
171042
91785
211026
57329
250153
245386
294118
273341
209885
35660
1783
199273
100177
79063
156623
115988
46988
55778
69664
105066
10363
184882
206228
74179
212783
35039
7873
296998
244875
99321
120660
30502
29449
162993
94737
234969
115471
188393
205327
34918
56995
243630
234532
178882
166427
262898
279568
169828
24612
31223
105983
148676
20178
238049
183705
293880
170286
136658
30385
101672
72769
146423
222997
226708
115037
212264
117940
295239
270565
284262
137895
281424
48031
273945
63043
251795
102371
31060
293938
198096
216955
172590
102136
113010
175086
226452
77950
52648
182513
101175
126998
158326
261474
5282
49196
86336
192962
260683
278616
183214
226873
291932
60486
155958
170455
279234
267708
154875
24
160648
70696
76402
163964
111802
5728
12046
256883
219988
214788
253796
109259
31043
228810
263025
38269
219112
169746
119333
132982
148625
143258
278091
53492
298675
60270
99717
56525
134151
182810
178440
259518
320
84054
104140
246943
188663
39898
147534
89017
51110
144159
103988
170099
186971
259222
3751
219191
273948
279950
256870
111547
264184
199210
171964
183316
158309
205829
32977
270041
84647
157210
69652
183850
243282
266220
20115
138239
99540
273500
150875
273083
150510
70206
7421
80719
193911
28434
200324
195208
39475
194539
102818
13156
290692
108636
125143
57993
290599
84301
165453
25380
275691
219910
18457
152271
289949
24112
98397
53989
114945
186721
284385
11766
259619
281434
197921
171488
247802
106073
176739
275026
251714
296342
151526
18599
64503
127662
208873
212071
210330
108951
242130
260997
259989
243627
84356
286030
117284
31810
173733
68715
56096
119107
179743
287978
271860
66924
125939
92663
267212
23942
141369
110828
116124
280397
61667
122457
39268
202993
106360
140202
271021
166275
295881
214219
142144
63544
190631
79144
181337
102003
107822
100232
180649
130661
18810
189218
89856
115033
296099
144195
66840
89872
153413
14261
17854
116140
241340
194985
212524
287981
6130
183056
264271
232721
71866
147656
161489
122355
218316
73680
225418
291325
10949
137493
185231
223851
231121
30778
219636
151513
115750
160532
67540
206872
161921
180389
166557
224578
91689
290868
273470
171927
17237
232318
54232
25339
135816
258884
220637
115733
44617
221955
91218
193470
271642
139136
291142
9327
132405
160448
90692
5207
54281
170033
166869
126609
172752
2963
257974
114934
136575
23111
9264
157115
95475
64753
171009
76883
266029
208784
171022
217021
202626
101882
97798
186569
70031
210814
97923
38849
266424
36402
84166
56226
145211
235872
162835
280303
243070
249021
197241
217552
236929
23048
60519
2533
283404
102276
57376
46173
196635
143882
286549
116126
216627
241849
220400
40932
79987
242350
150466
25687
96319
97348
118598
77105
237073
275821
155173
253274
94664
132692
70952
71063
254584
194948
22703
272777
140693
16228
244914
2365
92701
24613
134555
282350
57060
29821
64433
227605
171040
53812
49940
104722
280177
178479
7239
281914
144386
229253
64908
173532
12908
214518
161125
133299
63711
10817
232894
192810
138115
186782
133439
47052
174140
20297
86252
176873
193028
99141
117919
269479
274400
123511
297795
8536
98449
85045
65876
284898
61076
213350
126976
115807
176647
286807
75875
183178
26201
38117
169759
290390
97731
197638
232679
200192
12779
103811
177166
192182
171904
144374
216802
86361
153590
33859
194084
21659
193717
231601
273661
165120
297548
146725
99840
17061
198144
233955
239956
295338
205280
205223
60042
270956
78865
16623
239968
230573
172745
165218
238313
133661
283341
296610
37201
247936
165852
5849
106833
50207
211791
234365
184985
228597
109261
92033
103798
299862
150344
70957
101982
233999
114762
11013
27859
111088
84528
224438
255094
129673
74537
47341
14689
273351
53969
223169
49009
174913
226994
37003
101539
120396
66966
182353
190721
191378
61301
287184
107324
90577
261995
290850
136953
146976
168071
184300
47618
40945
208842
119650
44819
88577
91055
279460
142905
207511
79490
60505
181511
220310
238892
178520
193069
247222
53505
209215
189130
188652
37332
235702
275478
110747
184254
30008
192081
57487
55543
243220
299860
69904
158342
266884
60625
260407
188615
62022
174496
29819
258380
41870
123253
268778
128523
244367
61081
290559
229513
2674
27706
133730
109284
6625
232164
197087
179186
36961
221780
254367
252772
60115
121441
253143
251899
181414
200318
39075
200281
118732
295461
102386
211119
86453
231641
18283
45495
141627
208463
39484
217333
33069
14545
267152
66406
283696
106451
20191
88067
126026
227490
238289
134687
281732
233255
3843
173860
152889
230783
46297
127231
189719
168990
171280
283527
106587
157878
90301
109327
75214
89990
148287
287819
254385
1653
103640
206944
19532
51972
183445
240915
256002
91747
178007
123517
11437
29689
271780
221015
81963
16580
254410
30640
166904
138935
174263
276692
119440
38032
191354
97490
68711
65619
246007
23158
281109
217464
209111
84734
122401
92902
258344
73510
48603
145904
55931
179432
26822
101393
121228
134973
32013
181513
64750
3821
158580
269649
78952
82979
98892
174443
269753
135860
86057
265765
58027
271586
183424
198364
196468
281077
120760
31704
214820
273040
5764
135078
129808
151989
81000
188896
23842
212975
298035
38519
235453
223381
39064
72482
90062
110840
243454
69286
129325
292195
223201
198609
80304
83443
240262
46242
126658
114867
62812
98068
290224
122137
117988
150287
265699
295240
244924
154437
234575
297910
262173
17551
165803
52456
32932
78688
7511
257024
173402
253153
192819
205079
100734
61015
187482
263516
225244
113104
259674
187966
62816
143520
136448
81299
369
248646
209504
254648
242037
195210
225667
226322
95121
156881
192901
274322
104589
298971
264624
167589
207391
156154
207582
24048
109310
294469
253036
170213
145023
239656
263351
201633
258126
50779
232210
238343
96713
257120
118905
188056
203161
74515
88991
51939
119138
111541
34638
153234
191445
291300
34834
13490
58534
73668
284391
70180
295762
60250
26439
3074
89853
119367
293717
30162
90136
124327
285235
105848
152066
260586
148118
38153
240206
291205
271585
111957
123156
87258
142284
193449
261457
265233
118835
113503
80366
209987
277069
236192
245648
248637
79168
249843
296402
101251
272736
127612
231630
80364
146923
282812
150688
286423
38461
138769
137982
90889
263486
149551
40136
180417
139317
175237
169882
88186
163072
151441
165203
50556
196774
146613
170988
91146
168268
91562
17639
192029
172413
124531
181864
59250
40506
199294
106110
53850
23266
281141
80091
139051
179971
22249
149115
80006
222488
21427
286418
207417
197187
251436
119950
290664
229546
51057
44025
28184
188614
105394
181013
79990
65098
256777
144053
146703
183226
160898
238352
65703
202479
283712
170025
213059
101628
56071
134727
99592
130589
19997
57044
158475
161667
222756
134170
217853
177705
2629
261034
262060
126387
179076
108522
38090
23204
161392
235684
260076
37912
45341
37719
230210
241668
122438
48619
97419
12434
52470
4738
214769
270061
197308
179139
120130
242270
24614
73533
56702
186677
103776
221665
293948
233456
120359
236499
126177
87352
244723
218005
285170
152106
51743
248828
90389
80929
210622
50132
160250
139163
41532
246798
254910
66784
92
2959
218250
288572
92706
281485
159828
289123
184973
258452
39258
14439
42774
201498
145644
71848
61919
107382
288476
25212
184277
215811
265147
17364
125789
153302
149461
99929
272440
249226
31128
15819
143578
243447
233013
54881
43983
211385
251292
44336
247891
190237
213441
4335
192563
159365
227757
185530
219885
114752
230988
170933
109274
277029
140176
99659
112749
118449
25962
146460
76016
227265
129482
151890
229377
163823
130596
128166
258926
64179
216593
240674
113517
285511
93218
98810
127777
239330
74346
33284
171537
91032
66246
181319
294696
152035
20678
16071
56516
25211
149635
28374
170647
146884
52959
56542
171717
277298
199197
193
90475
267351
165444
111233
141659
152804
241696
281676
44478
96536
192017
105924
140944
153066
242005
158367
153064
169235
101274
192466
195105
65156
239566
196896
34762
186818
110210
179715
254762
233842
202723
201072
19368
7306
53127
247613
191728
65716
120469
52001
244689
128901
207605
229332
107909
32771
97699
287703
43502
165945
73141
293341
259285
149918
13435
54341
92905
105328
4250
255630
220269
110923
212676
192722
110498
210491
216349
197145
272080
200957
90284
31663
53639
286722
172073
187772
256112
143191
245295
287681
27192
18625
147914
225973
272123
192238
101761
22921
261195
225000
79580
79039
201669
120754
216576
204997
173943
168783
256174
289633
114772
281749
288032
140959
30103
176037
261924
177379
241709
272337
258191
122736
251871
221038
106693
142156
17131
281286
21721
291068
17666
57466
199646
20469
68157
238907
126768
268373
199507
264175
153433
213622
267480
76872
261647
183111
23280
201359
69838
41642
272490
25307
112257
127915
292307
250398
289384
197278
46519
140432
19316
147602
101296
39771
105159
157502
270749
13652
232716
90597
80640
95837
9702
67722
60284
21906
280995
210847
258199
189179
72361
169931
284486
56587
295789
46474
19873
255449
216683
50661
192940
136142
207016
153214
158373
261194
166030
31487
293652
76908
151499
46320
53189
48433
32858
186703
118337
141991
28014
145997
197345
295374
181968
86879
218374
63251
251530
93873
274017
103081
39360
173358
105024
110367
8379
145314
92652
282459
290972
258447
77622
74403
244322
213742
213126
226089
136432
88530
33946
5234
237502
184260
171623
270774
129521
95943
62917
27768
155968
245350
82008
60118
145836
245972
266843
1022
158527
281383
105152
66807
191321
169272
169314
297676
285023
10925
216638
72480
127904
271660
297842
91302
126638
37790
190680
110303
202609
293179
285105
98385
168902
206321
127226
128195
246244
101026
25522
76665
149147
129130
4699
57124
285019
1178
200907
19203
51562
131172
172270
127735
232235
203299
87668
12869
252251
260312
286933
237674
257136
703
149092
260339
149950
263219
106755
211028
193352
137155
270233
106429
187974
292563
30454
263502
24078
21396
40155
261094
217597
258026
29005
251939
266715
94665
57355
25671
5241
178549
279044
289267
119786
17851
18953
268639
101233
115211
107206
201697
39903
218277
230729
33496
163371
234180
65614
253439
207879
190213
150888
150121
68525
53616
186425
41625
257883
189575
129466
74349
246509
163877
217511
170524
263049
111592
117440
88841
30851
206133
19322
157198
210409
65290
17012
252090
220031
686
78966
99189
58510
137396
160579
71269
142022
271399
185742
293268
215903
241111
127513
70923
20721
211567
248124
174006
277266
267781
159098
226114
89531
161153
112848
166254
272279
293513
250470
163423
37886
128926
126437
127444
240272
145019
26571
164558
166339
195119
91719
236422
209645
21326
212098
226071
255041
25995
137410
243625
63577
20967
84419
182434
3833
219225
111950
252492
180544
263920
289151
289364
173804
45582
163032
200186
166853
113601
4849
220105
217496
266023
133480
288035
29259
175496
211466
151234
106164
298464
228933
130967
254829
89840
616
96302
291991
296698
63421
188925
30740
293618
34978
209528
114743
275528
79857
272981
63860
74728
70744
220489
183629
72860
277140
78612
155559
74268
203751
183400
223703
35090
54728
213627
207611
267971
83429
125621
266063
29395
195161
40692
80417
234430
197340
294461
90345
32034
7072
40434
219710
41327
172822
250396
241804
207773
298505
264788
229701
185961
24813
102008
128479
201190
110772
174068
292560
145484
264278
164491
159667
118081
167320
176254
102361
110105
279989
157811
211479
85303
141251
57347
264983
114487
141289
81422
112007
116984
117268
245792
36397
233894
282194
28719
282444
70844
88397
184720
192174
34312
42632
149218
170627
295155
118659
264888
284816
97157
35890
221944
266852
279425
190960
86560
85377
19661
68494
162347
18631
299429
119161
133205
131165
229819
72618
38122
121051
257315
20799
51289
126222
37172
222207
179335
83127
110461
219952
25916
6733
121870
238038
141992
151337
68399
80336
246169
51602
164895
181545
106287
178504
252722
83815
232226
52059
26462
22563
243103
132956
270861
141338
177477
203231
152900
21238
119063
178719
211091
71775
30630
213904
43076
106278
256413
30002
292668
218532
44142
294731
42195
185820
221917
58074
18249
28195
63423
279050
80258
6367
85396
37078
271884
171663
856
170054
265372
117871
246461
257395
135491
55312
95523
276991
153329
294240
68583
253465
68755
10693
128810
2712
197910
260910
269652
267879
44873
106328
53992
99559
158167
74356
186660
86976
79569
3335
79882
94866
836
139767
138104
235074
89351
107404
13725
234050
172844
224367
163699
133002
89754
296481
94774
91903
28668
213332
131341
46905
226026
266877
97478
137517
183094
191166
196323
97802
28196
100836
72782
238017
54123
74853
19813
237303
213224
47572
154469
203463
194511
200486
98511
132036
178366
53237
270066
76950
51142
88767
210213
198630
278927
236368
210546
248183
76079
218487
234536
263023
60523
296037
169317
163581
291821
128168
227226
57800
290003
225029
222373
140600
125849
234987
1957
36076
238563
250592
186373
78322
238686
280475
299576
57167
94162
59679
133515
199190
246574
265774
64573
52165
68094
16321
135517
98814
185228
174307
101268
89239
263741
260052
89625
234356
201583
200520
297708
237380
131656
252695
106788
117177
155983
88030
257253
240595
74270
63854
194812
18054
151202
36088
278482
61822
294669
40038
67562
194291
212331
127817
206545
280207
48807
129640
106525
257870
269689
203080
163986
73340
277402
260189
179875
203014
136816
170962
26946
255616
27802
228885
100869
51897
107164
49933
108692
172749
285388
234974
173287
247205
28855
67502
124262
36845
63923
290033
101182
259290
85999
175077
6466
98231
97227
125888
124290
169794
181133
275941
208439
47646
87146
209014
126684
115622
22751
195988
275868
213119
139150
40562
161766
153804
275792
99275
161079
259319
243926
265804
96742
182102
88980
56325
237120
279629
98503
193522
127889
287292
216856
232310
18030
185380
282718
247240
241072
223855
178637
208237
297807
231761
230955
106904
108087
184343
204699
250149
24388
241243
116996
233108
117732
25617
145564
58659
214251
61141
214480
213864
29730
64499
1045
236785
26
206772
291544
53585
231337
206242
229827
1648
208432
245812
166410
129731
298918
150116
203307
141458
288436
272582
29168
116431
234561
213544
164076
258358
263392
192137
27511
46792
83740
250670
36205
35317
7012
83083
232579
95328
257002
179641
91009
32493
147727
99742
212045
28349
75216
291809
262904
207484
175538
260284
232642
38744
45458
148877
283509
299890
233864
124921
285942
275572
253822
146693
80955
123032
121188
65083
31722
34133
197572
27756
167139
50951
229860
208438
292391
102863
26146
179637
198487
254569
33963
226672
173302
80299
293776
175951
170412
197895
123165
276506
209406
215198
204894
11146
75233
214046
120789
99243
12
153450
51235
36309
112182
206048
196023
201957
56044
216132
284148
197630
240883
257893
175163
82109
159671
148288
120786
117411
51430
64203
265260
132782
43054
15997
75001
159867
225404
247176
31205
15924
200732
296039
75785
231097
227681
270999
285410
91974
228873
177335
246044
221094
233881
243433
212480
112981
56696
43469
159728
85727
270686
226808
193106
108552
36730
42523
152030
181997
93292
15054
297476
222313
167229
82547
269577
256939
201075
169630
298420
103297
164459
127631
28971
102348
134048
190465
239193
168977
64532
223715
87001
237815
169506
166916
206642
96176
217862
251820
54012
116832
175436
5771
95721
155263
134578
188234
172473
248742
127826
219376
101108
177848
191186
106532
249522
148939
31923
23537
174024
168997
84104
129203
128442
95786
286214
299406
127367
34000
8191
176774
85575
243827
295659
126060
198264
31037
275364
150758
43080
9167
200997
138047
158360
28490
256876
218222
231423
19930
33803
45599
73619
32314
133198
288911
56073
115124
275874
211635
38808
217938
157678
258125
118178
140446
36095
125322
229260
216333
143695
235291
50600
172047
63636
46326
214701
226560
291149
286350
64178
163198
280134
287893
149933
56739
53253
2368
190931
249609
124662
269810
190257
262988
196601
107037
132880
151839
38918
134373
277014
13934
19117
205405
163675
29720
207377
161581
286708
59453
207740
242360
839
265505
151752
241286
183700
256052
46466
66324
47766
228411
30090
207643
270620
33611
189167
10756
177007
186870
231086
153752
128900
91874
265976
146300
89631
14122
4557
124420
72251
189455
72732
148768
257676
27247
40024
29831
35210
247056
112990
63275
65092
138682
109348
53212
144193
81635
16250
135685
286256
31924
233700
272988
283021
231021
221511
1290
48715
112112
175091
40704
234098
54189
6580
33193
232277
117521
158611
133057
289682
92959
166186
105134
270254
54488
94515
91655
134765
29150
271060
194941
46238
116023
190913
240214
114490
210155
99707
63417
55443
220734
211022
201524
181569
172681
227491
173293
17833
97194
83387
55970
133167
34073
152464
117568
146057
132721
20171
143315
285041
29659
152115
207527
95992
190310
8697
181578
267445
287861
135269
43480
278401
20924
231432
238585
299265
244245
76864
192318
274497
144033
106499
90395
254880
113641
194257
33559
89809
58101
204956
284375
28155
291322
121908
64107
95059
141925
189633
196362
195572
108293
5198
257163
164432
236238
196030
220499
71517
82457
161369
225527
143610
176751
167022
299632
1770
206722
175886
13778
63496
138909
100306
59496
51613
109398
206129
169106
210922
101323
164303
203155
115372
159323
23604
201778
221179
193915
95939
257022
97108
189913
195473
99184
125237
168600
122556
141564
293125
292644
50444
146178
145526
60665
183189
272523
157598
116810
233819
253583
169177
48306
162591
289284
160038
3841
288774
285034
74866
281817
77793
294790
105499
113430
59928
112630
36453
198326
99905
184227
73747
111482
137281
212967
220707
201019
260165
296178
215169
244447
127197
127650
159481
202268
79121
80871
161647
154484
231972
205522
294802
294809
63381
168918
55724
71881
34916
240242
282059
185507
259507
65879
131637
81687
172977
4316
267676
215279
151781
206715
163779
180076
284702
247903
177413
70868
85344
297688
37153
248355
230286
253416
150548
288502
65320
260986
123493
189462
172325
24301
155855
47420
200596
261286
13095
135838
40763
206187
160881
29697
170854
291220
112968
232465
213324
241979
111497
224927
134630
149831
221109
186684
209621
101454
286259
123861
23092
154618
82275
128444
147755
174648
280754
13218
191155
163644
233162
237510
247913
259141
178542
37753
142549
40486
13076
89001
244608
178093
13961
232224
175363
9962
5113
266608
205846
130086
52805
134592
198248
30076
274114
182690
263813
179795
79375
169559
168517
50736
213694
296646
155150
104602
9428
280887
46137
164498
30509
133336
2663
118827
269380
120160
250201
198205
213614
144908
241923
247271
227672
115462
267209
190662
195828
220132
157020
17832
10180
124388
24992
187608
65008
63365
59116
189436
32534
212494
72431
84723
264410
34718
261564
197086
148031
175461
242474
180640
44553
131685
140402
116348
293574
172829
242665
280223
61044
233532
241302
117566
163504
284261
21384
56153
196973
228989
278766
5003
47173
232830
261674
218623
161793
151542
130505
284130
285353
90146
280279
80698
147917
96119
183309
41964
284222
264994
57513
109850
54613
59293
188450
228225
117216
89175
255585
120992
160642
214279
199192
296986
43558
160258
127269
172908
215242
58814
150165
19399
127961
13827
80305
187750
22493
250148
43435
133831
68445
50332
212508
285334
125753
163985
152124
118939
28320
103825
152462
138074
156591
196927
176126
84614
106575
78733
265746
262102
183609
230672
129905
185576
180679
100160
16985
103499
124807
67625
153319
229983
290258
287791
155206
19534
6827
268333
201318
76258
109928
179417
104263
8808
454
269707
271634
147910
64210
147941
131898
62704
105311
273411
107224
59242
288657
264622
228616
13649
241059
272186
21191
200814
40012
88495
220897
60865
155801
141405
253941
14582
280893
23182
97766
185978
35723
6090
157268
271827
16505
99251
170055
36623
173933
13414
23541
182885
265277
227142
285059
131268
257373
83453
70296
96969
89035
82739
237925
215697
291794
62331
117292
4366
173927
36792
75375
256116
187615
119001
134271
12600
137673
118627
262354
2010
132558
143533
267893
873
277700
188626
87908
12075
159523
186223
123862
296902
209273
157277
77316
266731
198779
216356
283002
199040
237976
77935
168710
104052
106902
61317
79260
90758
68367
217529
70628
73574
121310
51782
242418
90086
81555
266279
8146
59861
259383
91092
145630
279762
2627
160176
205761
167782
251659
146049
63414
38603
252286
90334
97358
292283
116148
61430
193219
200609
167164
66957
262335
208618
1588
91794
160171
71493
14434
80753
110029
110568
32318
186230
69496
293004
181595
115101
283619
91805
291359
17610
145950
116983
274009
15620
135532
218860
240531
115206
232454
91337
292247
277136
218170
259390
84670
226857
216161
36469
29132
26415
113690
166899
134953
279209
228120
8292
49117
16969
37568
187585
83079
162483
48609
254461
30007
227351
118574
250716
62568
132368
114053
257076
29414
157429
128152
259718
167402
107010
246863
99463
264354
100468
113702
248366
102727
239039
144081
183837
236376
137094
273096
79261
9203
65977
277264
99736
230571
170222
206109
45373
166078
158709
91117
250892
144150
38974
287746
23922
229908
178091
215575
265460
48907
277141
158775
147253
140618
221755
26513
82989
69007
31677
200923
113162
277735
101723
230113
288133
256232
43077
27766
105058
5780
284801
122963
212859
286108
19198
87847
292105
146030
255066
95457
1578
173541
252878
136747
156577
192504
99471
228750
107248
142965
65395
264007
182158
250754
32223
288366
5879
246129
147922
215689
206506
41202
293209
212626
272910
217208
160626
79338
22483
16906
276599
264823
35953
216492
26334
29934
182297
50668
74541
223242
240620
235042
137085
87183
120558
268080
205663
18346
285376
152852
260790
184919
118112
46301
135432
20634
225740
36828
261436
114786
160267
199059
141928
176413
269912
106270
46475
258412
257928
81636
113919
171117
230380
51716
10948
9030
291252
161124
116801
133804
26657
217449
66033
50193
147940
180169
250287
124825
288304
3427
290640
28793
207731
228943
188387
104703
44095
226490
7257
115521
188452
216104
67739
77382
73591
48566
147282
261110
132643
2967
229748
16570
11710
100646
286830
126515
93841
166758
293999
138250
227692
198034
166204
29152
172480
120317
186865
16870
274941
166123
291811
175647
112707
284171
171795
275020
117186
66212
35241
54838
181066
229507
225304
285445
4065
231537
234411
202787
83389
236644
282589
177489
29787
11216
186253
135292
228634
61924
255923
170253
234776
23857
179222
165369
288621
166465
190407
149247
44354
149451
298672
220750
80747
208704
268299
33804
22633
235928
18345
132916
60899
152532
28861
41593
54135
208751
18082
83951
291060
239391
299894
18687
10963
119473
33186
16123
126267
253742
234364
62211
241337
4945
9826
78864
176912
134150
5077
212006
279180
82724
288504
279808
30137
9249
26123
223842
190423
212732
132519
106144
9498
17393
289328
218913
178746
5214
285215
236600
215303
82545
68484
236491
248877
94791
104626
47129
183299
10159
227544
8793
259200
89966
252863
284452
222478
69043
280667
189517
197621
12755
168504
29993
271835
137776
26654
214562
33955
181680
267106
234527
241256
154705
87985
145175
95488
214776
38212
202219
94350
161544
178033
31350
165374
131613
143797
88102
293048
274123
82998
114200
73489
207476
273451
287086
156393
11418
77706
208907
227118
181900
34691
32157
168712
77428
115835
225075
288462
116031
9642
35809
270903
80266
253188
6939
117832
133690
51517
239873
255646
257409
278324
187882
89961
91241
201935
261595
137737
142605
44265
253071
80122
67756
280143
150679
232865
213499
91648
48713
218017
263768
240071
38462
43676
154993
50316
234931
238332
6750
58238
12551
83948
215060
78209
120576
83100
116902
189352
23792
226993
230422
292246
201575
6424
258000
293778
88600
78970
205594
112982
85569
15589
261099
209020
250196
172947
149588
159964
195792
24659
194309
245505
76516
251151
267763
126983
115809
158403
4815
18516
159052
228094
220907
125459
73548
290241
286218
244399
223935
128730
198518
96539
248862
18826
25864
217495
256746
201280
196232
244623
242003
267277
49565
6933
193854
290643
151654
190288
245178
93774
276396
63459
93030
131292
183813
274958
9867
34887
141313
251780
192952
33022
60393
266760
53092
209029
110611
208774
8511
82118
269057
253284
270676
150104
268594
24209
79759
292542
181496
245567
250063
7668
177720
234013
32424
132081
58496
172629
248147
202280
158916
113327
271393
215431
4851
34861
275693
193683
21490
280418
64700
219709
120985
60155
44035
186289
159004
79543
102925
33149
31778
27855
258266
205032
216148
97392
279196
184785
222733
297141
180898
80422
158472
124424
37681
62589
235397
12269
73016
144341
182723
32194
203025
33620
161863
33321
108925
256438
91089
21710
67929
148655
28166
35900
49151
211229
51479
187852
246303
100655
268474
116569
271282
182568
96027
212904
258786
787
298354
43653
39299
94467
110399
164959
173978
86769
33459
215393
143396
241130
73891
244387
157527
105903
243119
216182
61579
78574
233974
147404
51327
210774
31740
3028
90131
126308
9502
296609
78744
16302
228020
195450
245474
112901
271035
66451
280199
47459
195393
225992
179805
60929
199329
31418
288974
95260
154439
178813
39812
14343
20060
165934
253209
75272
106170
295512
186948
293281
265193
245991
66648
145515
220657
162929
192961
259696
40045
258898
34427
223711
72862
248325
233642
58173
250391
275511
179564
98204
251982
102524
280819
79478
265506
123408
237468
164255
218026
100106
139036
70384
38967
76288
106584
198743
13815
75888
190606
141794
141468
95240
166120
97700
147648
108528
202359
99601
147532
158142
44179
156256
216242
150845
236568
199815
158372
121324
94121
168278
90226
73780
140807
282432
246489
218376
156515
94742
187922
222672
96407
52692
182139
31775
129586
117782
180190
225832
35964
238839
103603
152941
205876
82
136903
137824
88009
33019
2563
275798
64300
229777
71682
239556
272372
293839
208113
119301
184867
239527
71265
1414
273564
262890
22802
88428
169491
128287
10906
75481
261417
44300
139793
272340
248600
173019
256489
277478
62811
44703
75323
132084
253170
159154
1814
270742
217791
179787
176661
121020
129784
226893
182643
282730
4915
291130
164152
175746
169788
123084
202506
235149
145229
167960
45574
149709
90446
229364
40021
218232
230305
142377
121138
13297
287316
254323
62134
41486
91708
115965
293403
214901
218822
189732
145554
151787
192559
185297
279684
194042
51923
151900
107292
154979
150550
155350
238540
268536
57392
210242
271022
201289
117617
211990
278820
107772
268705
163284
179327
272063
58425
172315
72798
198355
131457
174842
76507
69401
264778
193642
169429
83884
145892
5747
8761
75995
206659
118291
87845
193412
221158
1334
45360
86273
90001
99674
202701
244709
220341
167388
90695
194026
42581
12647
141576
59694
202888
56019
15401
156658
180244
233104
246690
225849
249476
234195
4992
34532
139543
262270
50195
70560
159112
185605
241161
189164
56660
149782
116112
212498
2064
170467
146608
4552
128043
82342
92521
174961
21728
53162
86210
261267
180928
64969
208682
93188
25136
158429
72053
68606
165302
126831
268888
4550
293098
293132
20655
111988
64686
108281
102493
294925
133777
133082
163739
4056
45124
68261
94521
26373
215887
128480
168870
245307
58252
197534
34097
13932
53444
4209
171122
44440
131256
140178
188790
289145
83177
129149
289107
242352
200392
54579
246227
146794
259688
271688
280562
230003
253134
28977
47157
43584
180016
81225
47001
125135
29085
59843
177638
155194
164348
56799
194411
84556
204272
242821
285956
60706
57326
12448
57183
217583
229912
93892
69611
93099
217608
130720
81466
180337
299248
251645
216440
235633
233944
50480
156481
47853
193014
168652
4904
153356
41811
159590
280947
135855
193098
162713
136183
299718
80460
276424
159753
168222
53983
10137
57778
251254
232899
172877
124539
50670
83500
21395
218384
81511
124599
143744
13541
102913
8166
26493
237378
56602
857
283185
162435
56217
216756
189688
4073
138568
139509
70610
271180
25300
283445
224036
260181
220491
181476
57776
281834
211654
33076
205851
136778
157051
262554
88349
47325
183370
236891
106682
156708
141276
208647
159370
25722
268421
170582
259242
141179
41548
95025
56769
270708
158851
233694
163766
249899
128924
104641
135661
139887
66624
67301
55285
181910
189192
231228
121530
104253
195678
100435
161813
295774
71901
45052
244541
50163
128661
155343
86195
143899
93185
93128
291649
103942
143213
843
276237
155684
160087
147348
118857
294842
91253
253848
94850
125603
271913
1541
18365
18970
286835
49092
35859
250649
208182
97087
224570
99714
162125
40025
63483
111427
240459
181778
197900
262511
277697
288698
113595
74799
145679
58089
125433
20802
12884
156304
269930
14687
69265
85741
74697
23977
116383
200790
100716
284231
105854
1048
211263
8931
231832
223691
25492
194567
201151
166206
230312
134527
132088
265725
168103
214745
274312
24089
279260
14752
109853
199854
99283
6668
295051
73148
145144
163988
97316
226603
227883
132400
261634
27442
17940
206335
25989
274456
95610
135978
222453
115161
278032
52874
297149
276194
88469
135471
81915
67662
187433
187205
176649
227949
110408
235437
17202
114313
33933
121574
101287
171179
159286
290340
142502
240221
43668
183482
49227
87739
149442
191005
99631
252691
119953
147111
172392
67275
70891
286806
266992
53303
266127
129957
212778
218536
69680
95173
91788
165370
132417
115281
283530
107565
271641
4014
257260
215883
240315
75916
141893
217324
250252
193927
116412
163133
162114
189788
181794
284526
38089
215856
267329
237901
254131
216943
244872
52095
199366
138943
10424
15908
177844
118996
96382
153931
163934
183963
168066
213465
51459
165005
186088
18104
114647
100037
148680
295357
143376
273897
269199
16047
226988
64106
193369
237779
139401
26074
253247
146988
43663
177077
1284
150456
113903
105897
67013
226441
138931
294837
28557
223223
219956
236439
229040
107219
188377
43453
56250
12627
251281
59217
282158
151471
146117
15573
111041
252116
230505
226787
159820
201475
110675
68786
38929
16625
100955
150531
127972
109629
289888
117240
118930
201609
50350
54991
9175
135028
51832
276768
41616
114952
138732
27491
250986
139355
263179
165608
8645
105883
68632
69807
34060
159314
226611
274608
247796
184633
220116
41311
78217
187821
126302
173072
140089
106565
82964
64857
163016
92007
228693
67999
91157
171521
158319
120257
17658
143228
281137
112595
233693
147579
23138
222870
150015
96783
2530
265484
127150
75383
248064
172910
251369
276558
61629
259009
123729
227352
135788
200182
278260
170067
31114
175367
69031
270028
8661
117469
168597
201813
43964
153970
286625
54915
113918
64540
41700
35035
37699
128991
131192
231992
82477
120099
176052
32703
269363
116139
115896
164562
78030
109089
90999
89229
227979
28972
37664
243907
155208
251732
264867
26538
2912
38371
151641
68687
157704
31149
229497
119878
256351
110546
196306
62860
203637
213593
240764
232755
208888
104523
154771
57152
132811
77395
16050
197252
223632
88129
67720
88627
79127
166111
58023
124128
299859
12251
197015
124811
138253
101584
99785
272073
296171
234511
293583
16254
254723
65639
14379
34972
134410
162012
122406
157445
5976
124545
90405
11654
97472
195424
73271
183697
122021
113313
281943
168391
160948
58733
274185
155529
136213
207846
67211
153684
238605
270102
125599
208670
105563
112271
81382
277387
223682
131521
202764
45480
42660
112791
46878
287360
265882
204704
294810
271804
169208
222767
267186
232674
261654
77868
78742
59109
250537
292886
77976
46520
220887
131186
172619
24353
110423
162623
134385
139162
106492
126490
30550
140419
65510
162497
72362
225076
206880
57878
191941
260425
126491
130958
262031
146350
262618
129643
132860
294261
272403
87363
201382
41017
180274
30765
228137
35075
219516
70002
200683
27593
112888
130385
205923
147053
242988
297071
138701
281794
192155
136970
71278
99629
167801
295503
279753
55002
145377
55308
78873
40855
275185
121957
148683
239769
128276
12519
63075
298782
164283
175289
93437
171641
201079
233321
209774
11840
177962
155873
59814
20165
25603
205479
287191
183142
258350
151430
68891
170525
287896
227195
202836
141243
163612
3300
203994
147102
96087
70985
42833
133118
35002
298087
91076
96953
163721
74106
125513
144907
193800
40674
291871
5697
228888
15037
293627
250550
131469
84804
159084
34530
185072
164712
208390
267032
216824
103089
242133
63428
42714
28580
109814
207940
218404
299355
237660
104060
292487
293121
118097
236933
109663
140283
181764
101203
48177
156565
167428
267552
151446
281051
183732
95012
297187
243673
12837
251550
152080
260665
197257
171054
133633
97623
222295
173809
172875
297312
216171
262489
212907
178374
58776
293579
283695
241767
250541
112955
118153
2207
288042
94804
280429
262120
297826
174852
96327
266536
189396
199716
166295
229071
129299
64387
138873
210080
272442
97874
22973
152195
2449
261852
85998
255110
166463
272461
195685
295944
66098
280095
112932
138057
278957
82449
161405
278092
1140
96156
204785
118006
22972
129127
221965
102574
132742
59015
281155
27384
225095
104157
183429
152908
43217
294073
136502
109163
94271
279318
101896
208606
259948
286522
246769
25431
144840
162430
114045
81266
17926
284076
263173
70758
11817
238694
86885
210576
54747
12797
281082
237474
235244
7644
178636
281650
66358
175516
31681
212087
126847
68073
198989
37380
221493
261687
172414
37541
74693
5984
240406
27266
297146
250484
241185
264455
42647
24287
225828
143730
299369
259331
927
146399
105641
165789
47914
246079
276810
254672
139008
35207
201920
77882
161549
189619
1856
299101
176097
191724
78716
160270
90351
128932
123766
62429
249766
279155
244563
23352
126447
73762
230411
29389
116915
136004
287977
65175
80694
195330
111048
174738
97907
183420
13284
212533
92999
212128
53667
125549
13669
280031
122996
84806
165486
188495
275313
289698
273013
290880
244646
7836
275425
27358
26099
270818
159692
215898
250056
56637
179143
40101
194647
188651
258903
283160
6001
49153
97744
225302
228135
192584
101161
177912
79556
228452
109328
287528
212011
2646
122075
91452
86404
208898
191479
144878
259904
221336
88406
69804
15217
77978
235050
213380
206656
33808
220042
142317
144379
126324
60634
93508
258589
5828
181906
102721
236290
72452
21015
27999
77124
26432
235198
207151
291195
23299
225323
254180
163584
179056
224709
123141
89649
275656
27797
201508
27156
185276
240730
47953
184975
92492
37543
286840
226196
62282
43709
128445
29815
294401
81277
90139
13701
258513
1626
268045
165406
250372
201472
197243
154379
146664
278803
68733
12042
89549
258798
29807
176437
248598
51537
222919
146070
55056
133779
131124
181439
215522
124287
77075
50504
60805
275504
117272
130482
43335
49604
61534
232548
27868
176862
22415
50166
271968
115030
179732
134568
243016
230800
125993
185196
36927
142885
198037
226449
244476
31044
208347
232193
265986
85274
57596
284397
129406
231313
134572
229342
119880
44171
208775
196392
129096
57558
181512
35586
238126
69666
132720
46616
76828
97521
28627
164618
232071
74978
158442
40664
264015
197003
48802
223540
65615
253965
672
73359
128394
58235
40163
188242
159796
239260
148697
298327
182138
290628
274274
51882
26971
74219
183684
221868
178738
43898
292351
269699
222353
85628
167314
1
43856
224716
23675
271208
22479
16913
208251
55219
229463
43299
229932
7472
149932
26147
152200
146605
18367
3707
28826
26397
28831
201923
246004
268396
159212
3358
179574
266408
218942
176824
49899
149429
59256
87504
232614
173490
989
3123
18702
63791
202666
105409
233376
139817
276472
106113
47203
71205
56529
117300
55107
262175
198040
96345
61644
77039
10161
74244
289264
210283
139159
137259
219242
114892
160678
175149
262597
118584
182020
178869
231041
105683
143530
144955
64617
105322
56115
260719
116508
43088
71571
23438
162556
289433
241118
262992
276682
269813
240372
214170
179164
35937
94973
83801
162660
259623
41289
5004
175159
267330
199684
31252
209553
127253
44548
282959
255940
52943
2875
36463
177406
34997
103607
14519
175570
258988
196151
27142
294228
5460
191485
289991
55098
258334
66180
105901
78339
138961
247359
45330
30179
94490
91911
124004
39443
42492
148452
2849
144628
156285
290275
81619
278763
107959
140144
299374
170587
239546
231765
266754
51072
107628
169409
276062
24464
194849
149178
78906
63954
170660
178772
197758
96915
96171
163955
66313
193255
275137
167788
197546
158186
85800
116884
136282
94112
112655
73026
11453
197186
191032
108133
139484
297730
288459
169614
87498
222206
17039
205470
51183
43859
239326
206206
43652
236607
116954
55518
270401
239602
192430
135326
50995
251595
246042
2621
105390
279216
209619
93512
13390
200919
144641
27173
144645
267646
176492
135791
274493
9453
150450
128507
15731
57002
99708
187159
234358
30842
168276
72043
111133
278217
245912
88507
294660
104697
216584
275613
250161
9750
131748
23824
11694
77086
234870
156592
16610
55983
65261
244678
130367
273394
155581
2552
58439
149993
248550
246002
22114
32
90025
114947
252570
211072
93979
15699
1261
151938
213194
230045
22491
97963
34127
10655
30262
259391
58652
54799
65675
78481
202326
130898
248830
278628
124789
7938
197057
2823
144730
87050
141721
285377
246982
208092
298391
250344
60992
205095
229617
194102
16824
274434
260962
205456
189794
278895
6687
133311
271796
257951
170925
250351
269366
214808
119521
198524
67027
184139
92455
18184
244191
258728
35153
220440
55033
206899
32046
174636
292339
189289
68791
202218
122147
95695
224088
123401
126148
155337
117752
280192
151140
201747
294795
216900
62218
291132
187673
202991
255570
298305
148201
235508
164132
249220
128756
130049
299351
122897
269129
19469
296086
92790
78258
213891
288588
4595
126083
285501
100029
188661
183991
219479
250465
244487
83697
75140
226832
23739
101663
134314
36724
219395
119223
31473
133113
191907
272329
111543
110290
256074
97304
97606
219268
204518
28622
80790
257179
181783
203473
259745
147866
69145
157056
272722
243852
53309
154801
225457
5399
242414
188950
242557
74193
227092
62750
42266
16234
101825
256743
51692
56833
237919
8068
151263
230467
109742
227549
170531
115180
164780
190789
296463
80969
15540
12541
243883
49165
106138
296363
139697
5183
16529
59561
210018
54573
129376
87432
108267
199018
9002
39987
1322
116263
221036
134963
82196
70626
11036
227936
164075
156747
236942
10902
198992
173679
33892
41538
241407
286955
170320
168256
242217
246432
235066
89067
218613
167211
45077
16145
29479
288447
192524
256648
20765
8448
136753
90367
162325
122050
254276
64565
191386
40572
266562
52901
297824
223329
253418
202515
266195
276232
77852
203657
156633
83410
27592
183372
216641
125868
255644
260135
53002
282602
269730
183276
124400
195867
24616
119018
209991
285132
210901
213134
10797
36928
152861
296669
119613
82602
5746
112243
4291
53922
262272
2641
273109
7448
243816
124118
87262
112359
126098
120741
83041
136513
145298
173874
62258
216156
82350
101881
2341
106862
237052
234757
117065
127431
286514
257923
114871
48430
252679
17754
289462
115613
76398
268228
80748
251298
195912
237959
15116
113429
9863
298984
147731
98092
202747
141326
113156
234940
29057
104746
115484
191662
194448
140865
238718
16534
296035
114427
200093
91462
124538
261425
48723
97241
248029
240381
90972
178259
67463
190650
186812
135271
119112
35018
106822
233868
122550
266440
41813
276233
7301
7485
244883
155162
17710
172447
196856
129800
261640
137463
237746
234074
231612
187149
292239
258500
109367
14305
244947
265639
244259
716
115362
7949
75984
197424
215356
285301
110447
206311
297361
144470
45205
201622
199742
98539
5930
209196
195397
50774
259336
49901
280961
172986
258822
288040
295651
282555
21372
297893
125439
205933
211819
222380
8254
175304
16874
173458
261431
261946
240056
49322
92558
78859
272468
192286
161788
154552
98824
296869
34027
294045
128779
183854
214211
55388
48392
85551
118210
105379
68350
97035
260271
188654
74069
183792
44104
289925
245599
58682
258162
146411
260947
52463
43083
146974
96844
163959
138896
264317
58414
232994
29714
32362
291390
190804
73819
111039
97439
96193
183775
204275
272008
147742
221003
124541
60257
256206
128711
64734
12229
242729
38717
276258
123182
17541
178214
110276
215553
132815
252311
94922
161215
109253
219684
152045
85595
234706
268818
299022
44186
276564
84154
290609
272979
296977
286141
266643
148003
174176
37778
120369
227051
117530
20260
186774
265878
264344
133734
253549
63616
295908
271120
110009
178749
254161
191693
118881
123852
203279
104189
204767
286435
4019
244538
86358
12994
285662
249266
127552
62986
1667
69837
193372
210976
77657
274650
18062
259752
166301
121333
27213
175991
226214
274554
8708
191628
110144
54083
158948
128749
2664
229333
142382
278614
8435
74418
59691
188274
214557
45313
178739
264690
50469
142333
65409
72629
163157
29716
72485
174659
5633
182924
6470
293759
202940
126061
282375
76766
289838
226491
259689
145562
262029
105532
267770
104981
289052
297133
64006
37344
258584
243237
128447
259723
264384
298022
238902
198689
69793
68409
139790
10031
88983
189085
98081
254787
92193
156635
139788
217290
291807
221394
225974
226618
271620
57045
159594
278133
25414
104173
203500
122601
98106
40059
93446
181791
51697
79711
58438
103855
21092
273940
86962
154400
267256
139829
94024
256803
6394
282031
26518
126743
261012
143963
188488
41239
251093
32557
202941
154425
28506
22707
156330
213836
112960
31647
233822
55550
152399
93494
232213
191839
28
123758
17631
200333
38265
12523
195495
228144
27984
203062
252025
56779
274806
181122
173494
184875
208787
184209
241204
276872
36183
113713
138627
233019
1863
245728
17735
138589
164944
159201
48587
38715
269039
14496
130211
27615
142960
280780
16442
174269
294199
5145
175536
274607
178272
17764
21290
37819
40917
117049
297018
206037
183191
100853
258979
238008
146637
211761
105601
39792
43841
220397
207056
254921
54784
245367
138900
55622
216441
98019
227322
218737
162742
217599
292401
111754
92650
272563
17845
160106
124144
297366
293845
100073
253755
131246
248575
103201
204935
134172
138292
297966
244041
663
166415
228185
232401
219937
117067
116457
128643
108602
86909
155033
225529
140081
251315
274235
152089
283951
142999
122299
226679
190140
32086
124629
103987
235856
107026
197768
30563
207754
51286
219128
188636
67286
64468
5589
144716
45615
85799
85005
97644
259233
235983
37209
257812
286434
59908
41927
291
240698
13870
147393
256653
163987
103218
207070
121082
62346
124781
8681
6961
176890
213581
128401
122146
118413
47634
292939
242212
69428
204611
193001
115800
222682
20796
32689
298526
42990
134019
122054
219125
126785
277788
245463
72752
194236
62610
290821
73047
110806
49592
288037
212965
259181
237768
221148
260732
8159
77632
127309
258892
7817
208222
142600
138442
203552
138430
243029
33579
206402
182668
150717
247043
43905
254534
14719
242192
10366
237574
199482
28980
166714
279757
83365
291299
71702
184275
192317
12166
295556
111486
141323
108288
99783
229914
31083
90581
86141
220884
51307
49112
181329
61839
24436
253741
125505
136283
126905
49307
213258
4396
166279
212029
286238
136401
141109
58405
28240
84855
121069
226036
133953
39591
233607
97712
46429
252682
283854
242784
100849
79974
172421
151183
53324
174635
119142
128100
57414
25666
106883
80713
77840
225438
284653
227391
268140
169588
111484
19385
4364
10178
84474
145121
587
271015
101835
181048
182691
233903
191733
13258
16276
299322
93598
177275
270667
217985
243553
143160
54186
84139
165472
156413
266894
45536
88887
226694
90826
109184
75601
145783
33907
13805
214723
220684
35553
121065
188419
209392
46997
102823
252166
292120
210010
268648
126219
143427
19980
285184
164387
58042
42504
75133
194052
132199
20517
132284
77744
215253
55350
192851
185074
60695
295641
211238
41028
200285
168294
15371
83919
194792
263465
11531
36125
8845
289695
69859
264255
230327
168908
237431
257804
240739
116359
284730
287422
124939
38804
295247
226825
10142
38968
156879
120875
165128
264244
291370
272717
85732
75350
243592
53764
125601
88285
32945
153033
113312
141003
227884
276453
203566
243342
102772
127023
24536
88595
257846
29408
65591
30944
22189
224310
38184
169771
60011
92606
93767
69306
74436
164586
65250
256782
110860
271737
227134
268188
68233
119277
23284
201860
224965
189813
183203
62198
52665
16260
76847
209680
51753
54267
122721
211515
221193
65625
180010
186577
77620
143037
205442
165105
247351
284519
181162
142112
188819
35887
248034
65069
16973
58956
125296
292463
11468
265960
177754
73674
99926
270768
216665
39772
161650
235524
216046
262258
145389
54037
28175
178188
277430
78564
128113
116978
298226
88856
200064
272109
175709
233044
264480
262688
291784
166693
34303
124462
221750
39015
20584
120869
226676
165761
72941
77916
88794
103997
80557
217637
299807
125947
169461
143599
188267
54068
203829
20231
182553
6226
59215
228440
140890
61421
224909
107302
231053
164111
53644
205047
133570
36476
240480
202632
42163
39840
251621
183589
180835
137489
222192
46363
264237
62710
153545
246472
62037
87430
163837
163054
184219
144399
1725
89582
243441
264722
206146
281171
257298
260891
5550
241587
189920
265881
185866
269449
32296
63094
9806
119257
106975
100154
276039
98218
235685
264902
150714
195440
177808
273116
5537
218936
237084
113737
271017
16039
33487
31297
69003
197269
106633
281785
144392
704
177954
205870
257211
263102
265979
157728
180282
83012
265611
86276
25165
192455
9029
133173
176673
136685
77649
263078
238056
20172
143657
206277
226625
133533
47262
299037
233161
121847
227699
289687
125561
277652
32624
229482
264356
181452
112399
130651
698
174887
24484
6093
246986
142449
17288
66336
226106
187049
148894
165423
17935
184594
168326
161926
229754
197216
283288
40669
171073
97553
135
46262
204691
285092
193995
170756
3792
195763
87804
159177
153054
186558
176798
174487
263695
267665
267419
167377
45742
286276
116803
53151
209726
176494
42587
11393
131550
176040
73940
182216
297820
260734
248660
185538
2877
128890
107922
23383
185466
282245
260079
269133
179148
117338
133421
8835
143204
22266
294799
68306
295214
212547
63828
216009
172863
75508
219806
268413
113631
257249
177655
127129
298017
129052
261263
196044
10643
74748
197441
227223
238745
116055
206598
63120
280213
42101
217069
44702
131906
57542
52790
182520
87097
107156
150804
112218
175321
141687
30632
83465
100045
35832
60142
259546
258783
186449
184154
190779
250990
47881
56340
292172
288468
159526
289933
95640
251140
17942
124603
140980
263235
118264
6501
51424
50148
228102
254717
36238
156295
198793
186053
21041
207567
75887
36038
213488
299928
479
180584
121898
132633
276942
216894
111162
282018
59138
175069
218027
234935
16980
289381
255454
61926
20791
222511
90652
272926
171883
55829
4114
290784
148660
50563
11350
13559
293482
133050
7122
192801
21494
75839
82298
215792
118993
53834
35843
196067
7397
41177
178572
104522
224075
940
257635
108953
48450
279464
237315
109614
278470
112553
284476
31505
158437
277419
284796
127727
156303
225724
58424
22840
51337
107381
269396
277540
183495
280203
76135
125241
223872
240707
19417
189833
220542
136009
181423
260068
135427
5735
264576
9892
246497
222523
278057
220175
214700
96837
131352
185423
93862
168746
97430
88928
159552
50115
268296
205568
112345
259585
15886
18133
178828
67481
286199
55845
116288
171913
42132
114723
195762
78455
270468
207237
280896
84327
140716
57687
192431
9497
100398
114692
82360
4157
21462
99226
20332
74698
200884
265770
80149
58518
121856
282479
250094
66344
267129
258047
118387
223470
215508
43877
129493
13918
134194
204841
292257
205056
285497
106998
25040
23945
42907
51428
266796
43193
230768
16230
102738
178711
15332
103208
157242
31077
182716
15981
213177
202399
48564
193821
186561
69815
115899
128591
136299
275507
228779
17466
291466
51968
5756
110746
11325
278204
163230
149336
224744
78841
4428
292552
55816
194800
229561
161931
13943
59856
223745
269028
222893
262523
293866
155735
297249
146063
218103
158249
122977
231315
111960
160699
211483
147721
172205
66520
102422
96344
49177
10862
231437
102484
30032
225087
112017
160432
37216
130772
181687
250411
268789
93802
155270
129528
142762
58287
278652
26403
125693
47566
207705
280054
122589
215317
133771
82743
142584
215009
67870
270902
223384
184393
270592
289752
96501
220900
55408
11255
130702
188863
267225
256721
72148
297562
66263
85945
153562
175908
226716
23949
12596
267883
239964
82462
111585
158544
146293
196858
14799
114619
145774
3623
118408
220079
109481
108954
253368
131987
194232
270205
169698
49777
175587
239380
188113
30239
69702
196095
107719
297408
253522
280359
113810
202579
261671
165551
25449
88790
215698
215720
235817
271881
287883
144352
108237
149978
155664
165962
89807
283371
260924
243573
27288
79557
223422
204029
130973
181126
141404
64672
102471
224251
36272
61894
137340
198136
6397
299438
297163
185648
263323
63380
162218
155336
101303
44218
57937
98579
268176
285941
239806
56097
269097
220284
31522
234638
253677
146197
36605
294285
31996
292630
215314
107103
184890
47152
58881
188581
56789
239820
41559
162675
293733
248107
207512
88159
65720
251194
136164
195639
298983
218182
84039
169513
179526
225631
236738
191785
42608
231399
24262
229554
81557
60361
105180
109252
44610
273263
248012
65942
121269
55849
185013
74955
3445
18259
196271