237069
291725
67667
168696
191968
187311
201910
69819
149426
181935
299506
52049
160421
123892
63851
125585
38325
226806
45946
178724
253230
545
242699
212572
102551
206329
246085
145425
854
145028
145531
11120
79447
237378
69491
44487
263798
121679
51100
154061
128690
160488
119104
288421
109106
101549
172831
93810
53728
126853
50149
153271
160537
202491
228718
42799
181233
149249
103654
49831
289554
110723
26946
256262
5136
167273
221018
52309
61080
163994
166787
193173
168156
272664
209450
10521
194637
197068
155442
69673
133723
162523
160796
26127
124516
143823
20404
107127
101861
5861
51236
19253
40067
92372
195620
284968
69447
299751
143953
173609
88732
151351
5582
271976
22302
112579
199013
164833
60513
202654
96299
187013
169410
185341
225487
164944
37201
254713
228678
268600
179116
115254
274025
240842
13328
55617
165914
193602
284346
276797
89146
46684
12889
196832
143052
216015
208767
19186
20246
39240
178379
20112
107742
261884
26933
115556
202104
149607
124509
169644
230366
184923
69031
93632
62178
167155
260257
133796
26716
69344
198879
201148
159354
167579
221022
89831
178759
62181
213228
239021
120947
101563
152316
47164
86315
102549
36521
55789
236261
137389
250878
219508
230075
44650
212791
118203
110694
253382
189229
295421
276821
265765
249260
263699
191389
112549
37204
290688
63159
167189
287532
203832
154519
118587
236057
21099
13056
151988
230372
287325
62339
203342
177283
162847
122543
148948
210249
210182
37286
156075
251778
210268
284099
209896
169412
232521
89822
133736
83043
178248
11583
133710
282934
62916
51150
196369
141990
29452
167271
161122
162224
152635
51132
123443
185692
45879
213485
251511
55461
260198
26724
126432
232270
60094
177743
278840
78324
15969
88617
160539
278486
169396
271690
110892
265549
199795
159970
235486
287452
166050
287474
226363
155515
215635
116696
152883
276799
148062
197153
139039
269557
249538
296956
287538
257127
106231
48006
8569
160637
5039
223783
99798
13847
250839
51273
114330
63274
108611
294965
193967
7496
85268
62200
134672
118225
198895
207267
287506
143533
54084
196068
35712
107982
144736
284803
111068
192198
195379
181081
294624
202524
281274
40247
58724
117873
253341
122701
11362
47603
269693
203537
51295
258633
99812
135335
154766
34704
60895
23844
205459
40026
91763
88364
206278
166457
279880
277529
289626
191250
78476
120553
248575
19388
16534
2958
50548
50344
204656
150786
245120
276892
199735
163956
59247
116565
250419
193684
257997
98351
88402
255759
202660
296642
116816
140136
76788
127489
61301
159358
287241
18099
50533
128634
69171
207584
164023
208984
99758
116359
228852
128524
233962
269000
259719
171953
252488
278084
165111
81475
133746
148776
210240
134635
153766
246067
126505
47623
50574
204677
138896
162413
16077
82343
165086
186661
138319
116429
82210
169784
89575
236267
154841
94114
188397
25121
233086
173467
79391
13863
154355
232588
165681
178987
132830
31944
143909
295473
173903
16093
118771
152637
159041
133671
23048
123495
89579
244296
69351
137393
169927
296465
294566
137686
44447
188743
156173
145369
32414
159106
117167
281966
123007
66736
3691
195378
157033
247077
283217
15579
164127
125665
185132
52062
110793
157221
63989
20052
155976
105341
195905
158556
260597
39047
49383
255192
251550
150143
175478
223998
119282
112653
283968
39644
159646
295718
133621
212670
252808
121711
194458
174572
6170
163901
26347
118387
42901
156803
135339
25393
244713
237172
81439
121407
67603
72170
289645
85042
72650
299444
281473
81262
263451
7237
227421
112336
275782
114984
274497
233049
299539
162363
82267
131674
202311
225937
278485
258642
135360
249340
51143
47271
192785
9974
30699
152917
157276
105079
289558
142943
259454
203076
20867
49293
163387
201932
100942
118204
31732
149024
184165
259627
185297
205042
209337
210263
120191
8795
136262
194214
38054
202428
132863
132451
266455
279326
185340
52312
273962
7695
167238
294336
234888
38363
66554
74540
728
8789
171028
160794
68972
119656
24968
277992
67782
187437
167288
54844
114306
229021
3186
284294
61023
118629
236200
11313
7290
137207
62489
113631
157116
246691
28173
110579
110882
70832
163051
38220
88260
172825
163733
118522
133345
264893
152957
148202
99762
279241
243571
52573
262933
130188
20513
169427
173466
214700
160872
149034
295971
278965
277151
51234
154436
202486
40984
45253
88258
174577
299518
194814
225918
183971
126978
89832
9122
78361
123059
205172
296908
148678
13910
111820
212007
219337
155997
283665
195859
203786
249186
281009
38312
89990
81162
116857
222196
28276
203509
184886
107765
198881
74767
195380
212606
250278
20181
231144
45185
201000
62699
238712
135118
206369
114947
16945
117714
265061
276630
100767
126622
191390
212575
2974
48712
133504
106208
110926
216494
233537
48694
142839
15981
239507
1721
185683
282850
110994
262310
8684
146546
249505
295419
233111
129433
23640
195432
164154
6718
23588
136134
122657
105155
253452
194411
271975
193352
289574
175640
62162
249208
156986
117449
167275
289928
209329
55155
246702
71956
110705
299312
200305
169780
36585
248579
187353
110580
289556
54813
59678
293607
171236
275329
209764
40250
153334
116064
174119
187289
162335
284937
40904
177178
242746
219423
257238
248912
155872
19743
298300
262567
179603
82512
289983
107926
222150
203363
133794
45235
163348
8440
58710
37389
263525
239108
172774
169418
274265
202494
276985
284246
68141
118380
36237
48742
150461
148655
282114
142699
120466
260134
277849
5900
232520
80541
18266
51829
58680
140217
122799
75002
296565
96226
111343
37532
206350
47592
155214
9645
137365
103416
177888
19643
89398
48647
114148
248506
228941
299033
249537
167313
174597
263405
42413
215044
139187
157488
49179
281005
138579
193619
26427
83190
210751
193240
193767
123638
95931
47075
161025
189989
163343
247913
165558
264656
35996
23018
108089
295461
214958
148264
111548
23431
92366
143126
115829
191521
175204
38394
14978
137531
162135
152817
179598
239316
263432
238704
164014
259427
265032
127499
159215
62931
7809
69465
74161
108077
101945
51217
88098
210842
174030
40325
118549
124179
274626
228370
34711
203577
235714
229344
250130
176355
43211
121177
175299
152902
283672
100529
55154
233090
118314
128226
270932
58616
155015
232655
201813
140867
177023
124080
212161
187881
45535
139910
284565
133667
9256
199550
176810
56205
143987
8400
209648
258945
49267
3195
18245
278721
215741
206275
11617
251560
119924
163342
271191
209718
147351
295069
264127
172165
210246
24268
185577
95371
263693
121306
124959
69501
6719
235066
72996
23236
256528
183627
263637
166948
152872
28573
129655
281871
38671
273772
226805
101262
167210
98352
273420
265046
108031
116525
113648
174798
248893
59340
109610
219677
294440
228734
263750
280732
110588
23317
132774
182713
263434
164424
234949
193673
159739
926
289411
48713
193114
116498
241207
21036
287537
154012
164432
274058
48555
57541
61079
6977
7300
189566
41950
173698
170523
288682
132565
136838
200302
285880
276078
171737
12251
237590
258333
10210
125655
153744
237680
249157
134490
87015
89561
18600
208985
159066
20470
197111
181405
254697
187774
5113
171558
15294
61847
252506
177683
2920
138674
216476
296497
107734
237372
127544
60754
236750
128645
139083
118893
272909
67095
155011
264458
213215
174573
156465
143847
32053
20245
51137
71999
66808
167616
127092
126757
206372
61526
145695
35633
154761
89118
70698
82150
148358
203854
47901
143848
117948
231140
292496
119560
136291
115251
260110
24823
136672
23173
1441
125822
193587
1429
272962
147876
114120
141499
20615
19431
159894
282591
42157
129378
167363
110592
154322
63143
258101
67557
58607
82919
236359
60897
251349
84840
118939
183246
218999
292623
96029
281006
239511
233188
44735
108633
202543
115393
141802
283798
243197
275618
109055
119040
219360
204418
296993
160999
40043
36310
118962
17985
184268
118043
133691
202496
92417
274780
275304
219374
225380
253062
216107
135244
192787
135400
158083
293181
244526
267855
166459
50257
299333
284801
158723
185646
75575
147302
165764
128053
128619
141533
8397
199193
202492
274486
157576
202303
93276
140868
115520
9926
56779
298604
15068
213120
290752
112791
271749
279218
138449
11567
47343
135364
164906
178223
201688
197073
291967
299445
113489
157171
168234
143443
32188
178773
139938
148658
85641
44866
293851
187975
55736
216477
507
296113
163460
109458
113259
4876
179071
59167
57518
28408
42402
213446
204786
282955
207366
195884
162358
28144
139835
145678
258055
157264
247674
115045
4833
40907
289925
239587
31360
9981
177002
275803
173875
114566
11849
196048
126507
99759
123650
268206
76086
108311
184212
16242
218674
285296
101451
151581
126036
14738
62700
193616
54843
146603
71733
177243
144438
274617
24253
231509
224157
149023
47729
118767
163735
218864
93425
116162
141427
91909
21238
131283
101021
82504
202435
40983
50869
46936
45713
160366
40122
195410
250367
132727
222185
69078
149343
171027
115201
41551
53969
167970
165515
141425
144434
92313
46783
246674
252285
273128
153847
24265
87931
47239
158460
154791
85588
7114
152101
103672
234394
231138
193571
248862
19979
179859
154785
160476
30624
236273
155151
136753
37151
11850
158813
116157
9973
172880
56157
103052
10889
296036
280809
258696
160237
180015
289650
292965
127022
116544
153211
198620
205677
139980
297275
268132
189834
286615
207083
283809
43107
187907
203121
210893
281510
113652
124028
25217
96194
47602
54251
143621
187230
71952
106984
272042
161192
157120
236097
245033
176655
223486
51215
107265
133577
13616
199023
284760
169689
165438
294313
155697
250990
208621
49033
7761
293551
178767
282858
298754
69139
299045
59945
255122
223887
10461
68892
11582
20596
127490
24251
176594
187012
229138
147829
123220
89766
28302
40025
257996
3524
128688
202495
1975
108182
199025
110885
295070
281841
266603
32417
295005
96558
130430
138493
232967
287324
161674
115391
59893
11541
48639
193537
86550
115090
144432
180606
10186
144350
92357
4981
206295
223752
175222
250172
121838
284305
199665
47449
177238
280579
73303
866
202685
242332
117224
54504
162496
125361
16518
247092
162186
281028
83006
175572
188945
234943
222824
210998
205610
16681
32041
206367
169236
232954
107541
67014
131385
161681
157640
206281
109194
213424
89830
51271
156076
234801
148262
271872
134740
204431
49048
185200
13298
119084
146638
272705
157970
117223
39875
283817
54235
268396
56061
259146
21981
89394
287502
35552
16944
121303
272770
167847
127857
267537
225556
260003
28842
155106
81322
146538
42967
264069
171001
37284
107328
244358
278005
21670
118942
69281
260237
285005
68989
231700
294544
160535
15196
209899
199022
258035
143051
287247
157034
228028
226893
202552
41556
124654
178728
245992
294907
215254
120261
172360
202422
278180
83719
168621
99468
265376
149369
134894
250177
144120
159453
9270
187231
85407
82540
152936
263506
30698
293813
157204
145605
246873
49328
160534
272036
270688
89552
142973
296114
280310
127525
171543
239757
285220
132364
232373
246936
163256
237817
116806
169351
13026
275369
279156
67837
164238
55002
28845
167622
4373
203712
64159
99161
83491
74539
165649
165618
58806
37195
197147
258752
161862
150401
106429
117439
246725
193801
262972
159478
254648
179413
233290
127484
4356
88027
118908
166877
69030
290542
9460
269722
158057
99117
10985
43098
295182
5707
154861
184266
273249
69770
46947
158930
67828
104245
228680
279900
125381
149596
283029
115512
169882
271903
165322
141209
148165
235614
160533
110398
109104
80200
159802
268622
277848
11157
210366
110654
200873
116589
61809
168159
239378
256403
246962
70056
117617
114233
144961
201803
41808
127457
61822
69032
61109
2431
5870
70074
9
113704
108747
245050
186994
299988
100548
244490
119273
238420
192795
99684
127344
259500
246478
188205
37174
5863
230213
98270
258061
89825
118910
114217
9537
118924
132356
50461
185196
103385
291936
102547
226687
1569
127583
172470
278496
198198
143123
51130
108665
215062
114185
145676
164225
275981
760
128379
174305
51164
6193
49414
54562
19008
15943
259996
260253
56901
95231
185380
15661
141926
284767
292604
5744
149250
202770
298197
243515
235033
193908
299203
129474
162364
152846
56553
196066
19181
289417
249532
249646
206959
267430
118821
117140
249330
299142
139094
160542
45485
287535
216618
166844
197872
170261
233087
125708
261886
85595
154772
88611
201385
259986
163231
65805
103424
154188
62397
170970
241758
271291
139986
291073
24844
167182
189548
19250
147451
45063
148518
169686
51248
165271
92305
230834
212010
37562
194216
282
218452
284884
152133
8230
2148
263420
91758
25208
209891
283286
127658
296253
35647
8290
238802
209766
178222
4703
32651
46488
177646
93718
153113
510
3440
288825
195897
25060
284898
15373
287497
28488
267044
252528
28267
151138
299086
187632
146496
40991
159467
189831
296015
60858
103331
126752
175602
191353
123858
289858
25189
10021
161479
149029
275025
167921
96398
258315
6194
228847
193600
180384
263286
10884
160483
289917
263352
237210
297434
84386
233435
53552
176385
143075
152639
118592
45880
232959
46148
29391
24947
46183
79793
296851
106503
10209
1723
106119
96539
40192
203665
14990
178224
1560
36093
263505
143861
43044
102752
278839
149566
120404
143654
286394
157397
222263
36382
188659
191892
213556
20847
123402
287469
51902
130393
18953
6289
61967
40902
126968
137388
95621
66537
298638
122411
45484
253562
24918
59967
199027
179282
275338
63376
126431
280731
14510
206991
47811
117891
66136
298635
81453
113967
21126
141303
59920
275950
133638
228554
140269
13848
120403
236071
106928
150437
210267
19228
118379
246434
274073
5306
148687
138566
167665
275529
49516
235147
74326
208960
298316
55558
157496
201111
54592
85611
177637
53826
266955
185609
232618
47370
138533
163362
47394
25864
146859
156003
167413
67564
251864
183031
75755
152186
146502
71270
181491
69223
218939
88513
226816
257117
116591
214189
141059
139040
76639
9475
187288
210255
202062
155850
251821
91907
46267
48391
100656
76055
79361
280214
158849
20999
203604
166263
154190
20908
194957
20631
48093
99532
68991
6447
48798
193218
163810
175717
6230
133662
239194
126307
263831
20176
82334
177668
111946
262534
17678
165951
263483
43564
215589
244433
127185
74853
56133
214190
57255
21970
227863
177844
210906
232799
212405
162188
61262
119145
232584
18999
219379
192001
165157
288792
55836
89721
173213
163970
182687
85596
40955
293555
254324
254746
51098
58644
39630
60628
189959
265096
28843
229324
235254
178898
282801
131555
168169
165191
236762
117896
16671
101269
14522
266613
38534
119173
296991
66707
227711
11258
287524
141760
194321
15372
52163
86716
263463
101032
62163
467
144343
53730
67601
53979
189839
278013
57261
291703
11376
23449
40209
143277
228059
116368
186406
142836
288178
229756
298622
231134
292601
96084
296553
107870
155186
82258
8571
193563
254954
196216
93338
271965
62183
170359
287780
151828
92376
204630
289488
47078
28622
159027
175889
265781
67239
297159
228029
156961
215213
187191
105150
8334
102952
251528
137190
272174
154836
89761
130258
72087
276282
154965
74395
166034
65804
67807
294108
193962
245029
162193
150603
76755
168686
88884
45029
35642
61866
139686
296623
166145
148421
252531
53737
264842
76746
248828
230747
103041
274056
47463
293495
227178
139974
69282
49297
190218
249992
9107
121521
61792
265058
16684
159816
118751
119443
174578
169691
228181
34683
54158
164141
59293
281088
105461
222418
175862
271768
201842
39294
47632
270110
47890
253866
202514
61645
42201
276669
88588
281248
197478
5918
36513
202678
110804
11248
199891
276889
252510
135366
24912
75052
246687
187974
164131
243262
154193
267540
289539
115130
167814
66992
99524
142607
171817
30007
291361
203062
227318
128911
227241
284377
80773
31954
205848
175851
199216
25318
199012
277897
12080
59778
42223
253879
253876
151548
287267
113855
273953
51197
208711
153447
162140
126633
199218
226873
46494
157167
101031
10185
285381
69138
101299
111005
289606
173874
54359
169928
48348
257432
31450
175712
63849
275802
292490
205267
174138
195904
59168
73291
110731
140444
52446
148321
244425
78381
14225
23450
270691
145604
118339
172823
154297
299740
202077
128267
117463
151226
299983
125654
58042
121876
103192
282767
266770
50371
53020
174532
181490
108025
283703
24984
8274
113649
150157
118362
8716
257129
235924
168114
9493
198348
259539
88952
16155
117320
167514
68878
70032
230632
83111
30316
118397
159222
199011
68928
87928
85145
64197
248896
193561
212550
203663
163447
248882
245104
273220
161077
44286
58034
241572
225922
118040
128162
202553
111547
69383
292222
133526
309
58667
201563
174582
193886
67296
189050
123871
132672
160779
37160
114254
85597
139957
13450
148402
210440
69567
92014
201579
153342
210881
193874
267303
124462
110250
37405
251848
248852
285269
113310
117640
263431
124128
175707
9361
185682
261716
106657
5211
102427
284046
120313
37150
180298
92320
167521
292914
112558
192372
175964
276826
44665
199715
177928
107935
176290
270327
72448
3420
145430
46253
239516
253885
3197
168695
37122
12386
166950
240445
39386
179008
223829
289597
288278
107124
238426
128994
168133
261525
143656
254695
257998
289603
154912
254432
240228
72006
171752
203929
100511
37876
23393
25032
193597
125529
215523
213000
270496
24628
135061
210779
16632
9913
37156
80774
1431
255132
183365
161999
185362
253751
106706
297253
101838
62573
165615
169941
228773
23050
164106
49214
155736
96298
59593
119014
244298
149669
267493
19648
145368
16658
8958
6846
92304
89829
51124
281423
24038
297277
26340
653
204940
106832
113240
247338
111066
110868
258085
44976
296509
61820
198355
277979
73702
163187
233046
124836
246078
109066
50140
89725
178530
292638
96364
155718
23871
115392
198335
110632
237497
139713
160340
154257
134341
271471
138842
8705
126223
135336
159084
270745
119185
82196
41282
104598
170064
11826
202433
14858
52211
247100
283103
266425
7291
62151
237490
87169
117616
247093
85146
169881
198540
233649
264499
259582
29934
138556
40263
202493
188391
184725
142483
62049
109941
141390
168131
141490
185748
143223
281844
52455
297378
252863
104229
21914
20689
198882
69725
258656
40900
193183
254333
49142
156062
288884
244783
295420
11370
172312
254703
236201
45030
115678
69169
271464
35549
197091
38056
291069
296098
180378
203775
69219
210725
162469
51724
165492
133737
230710
210367
19553
156631
88642
104067
27451
107749
132339
47194
197830
24263
181645
183741
219352
243890
62164
37635
175727
38748
123863
248411
243060
171724
244152
145565
68115
123062
114725
38685
270689
284741
226625
47654
126253
197444
151990
37262
292059
272652
181139
202687
36301
199485
121695
58608
98887
280963
257042
17834
235181
190299
124919
153408
210379
95642
198351
157511
40807
260823
289618
231652
55828
227747
37765
185019
136141
206975
248826
259426
109908
174519
292624
28421
229999
185159
294215
8522
214882
253868
152264
162362
289256
1926
165807
46022
195431
52538
158368
227567
199026
51242
189046
277342
60911
245128
177639
49266
283304
56081
119095
179863
170971
154967
236755
27821
46794
88334
47661
189289
193653
280211
145521
284761
107370
41532
244357
7068
231141
4613
263255
160459
185203
56122
160565
114588
108410
118118
148422
104197
170877
61131
239668
115736
244268
42245
216444
95361
44512
230534
260847
107952
129007
161975
48035
17964
62694
124991
112991
8575
287464
207410
179268
96736
152659
266734
160080
44810
284047
69295
231348
202661
4669
272667
185774
244333
116155
86023
87674
226132
67784
235436
26211
51109
193224
220996
140120
52980
169416
163002
203150
227058
32507
241592
259749
90353
299
198880
157680
15050
59187
254323
237824
112604
128007
117651
164557
45838
236148
21924
263734
37563
211946
119810
284932
274721
292558
126939
86695
26943
297147
39658
268193
142524
299466
69564
51209
223270
109832
271936
143054
299145
237177
299327
29639
118303
282308
37817
276992
229702
199755
110968
276101
157188
282176
190234
166464
298212
261314
49213
61154
226063
20177
244284
94537
167144
64148
54234
199187
142947
164646
176357
136835
161074
110999
130180
102932
40862
37619
279167
81440
288628
60825
143906
228371
150026
230235
136807
206317
215278
164262
73384
97539
268827
270690
110249
119331
186734
240728
226600
216679
196382